$excitation_energies_CCS_____1^a___  threxc=.10000E-02  nstates=   10
    1    0.21720718537039E+00
    2    0.21720718537039E+00
    3    0.28794828401105E+00
    4    0.33409205667624E+00
    5    0.33409205667624E+00
    6    0.41058327948433E+00
    7    0.45255345995896E+00
    8    0.46046364143685E+00
    9    0.46782497002987E+00
   10    0.46782497002988E+00
$excitation_energies_CC2_____1^a___  threxc=.10000E-05  nstates=   10
    1    0.24270223078983E+00
    2    0.24270222875405E+00
    3    0.31883015006587E+00
    4    0.32574680464190E+00
    5    0.32574684374087E+00
    6    0.39210349955028E+00
    7    0.41221699914559E+00
    8    0.42621284166728E+00
    9    0.43515360201037E+00
   10    0.43896409595286E+00
$t2_norm_of_re0_CC2_____1^a___  threxc=.10000E-05  nstates=   10
    1    0.29692959421739E-01
    2    0.29692940291000E-01
    3    0.26580649757053E-01
    4    0.56581542550195E-01
    5    0.56581608287265E-01
    6    0.49522496013674E-01
    7    0.75902477384822E-01
    8    0.59389961685785E-01
    9    0.65682154605891E-01
   10    0.59050873800084E-01
$end
