../../Gaussian/basicGaussian03/dvb_sp.out

entry_name: dvb_sp-1
  
&gen 
idft=22111 
ifreq=1 
igeopt=-1 
irder=1 
basis=sto-3g 
ip11=2 
nmder=2 
&
&zmat
  C1            0.2694810000          -1.4100870000          0.0000000000
  C2           -1.0647520000          -0.9207000000          0.0000000000
  C3           -1.3254340000           0.4570290000          0.0000000000
  C4           -0.2694810000           1.4100870000          0.0000000000
  C5            1.0647520000           0.9207000000          0.0000000000
  H6           -1.9044340000          -1.6275960000          0.0000000000
  H7           -2.3647720000           0.8131670000          0.0000000000
  H8            1.9044340000           1.6275960000          0.0000000000
  C9           -0.6037320000           2.8699170000          0.0000000000
  C10           0.2694810000           3.8919520000          0.0000000000
  H11           1.3551660000           3.7420140000          0.0000000000
  H12          -1.6819040000           3.0900050000          0.0000000000
  H13          -0.0740290000           4.9329690000          0.0000000000
  C14           0.6037320000          -2.8699170000          0.0000000000
  H15           1.6819040000          -3.0900050000          0.0000000000
  C16          -0.2694810000          -3.8919520000          0.0000000000
  H17          -1.3551660000          -3.7420140000          0.0000000000
  H18           0.0740290000          -4.9329690000          0.0000000000
  C19           1.3254340000          -0.4570290000          0.0000000000
  H20           2.3647720000          -0.8131670000          0.0000000000
&
&guess  basgss=sto-3g          
    1 Orbital Energy   -10.020320 Occupation  1.000000 Symmetry Bu      
  0.699295222128189  0.031567773718133 -0.000054114227296  0.000913542962336
  0.000000000000000 -0.019265469467509 -0.007718460474207 -0.004203974147552
  0.001232095477804  0.000000000000000  0.018603708056129  0.007727259081207
  0.003460925819257  0.002717822605886  0.000000000000000 -0.699295222128189
 -0.031567773718133 -0.000054114227296  0.000913542962336  0.000000000000000
  0.019265469467509  0.007718460474207 -0.004203974147552  0.001232095477804
  0.000000000000000  0.000333699841849 -0.000333164526595 -0.000333699841849
  0.027307647007425  0.006720130771134  0.001005037367355 -0.003948112807368
  0.000000000000000 -0.000181559757784 -0.000473236040757 -0.000011874142156
  0.000281537543443  0.000000000000000  0.000148449080227 -0.000324775867406
  0.000028724980769 -0.027307647007425 -0.006720130771134  0.001005037367355
 -0.003948112807368  0.000000000000000  0.000324775867406  0.000181559757784
  0.000473236040757 -0.000011874142156  0.000281537543443  0.000000000000000
 -0.000148449080227 -0.000028724980769 -0.018603708056129 -0.007727259081207
  0.003460925819257  0.002717822605886  0.000000000000000  0.000333164526595
    2 Orbital Energy   -10.020272 Occupation  1.000000 Symmetry Ag      
  0.699293206436908  0.031360962620197  0.000006461067089  0.000644762027808
  0.000000000000000 -0.019523083317864 -0.006884050125659 -0.004104826008631
  0.001662680417876  0.000000000000000 -0.019076455493863 -0.006912713239004
 -0.003242918244726 -0.003083403408655  0.000000000000000  0.699293206436908
  0.031360962620197 -0.000006461067089 -0.000644762027808  0.000000000000000
 -0.019523083317864 -0.006884050125659  0.004104826008631 -0.001662680417876
  0.000000000000000  0.000223985521080  0.000220074100056  0.000223985521080
 -0.027669342991956 -0.006787919346388 -0.001013701305485  0.003985536142701
  0.000000000000000  0.000195495241097  0.000476438132989  0.000011436271910
 -0.000288200271437  0.000000000000000 -0.000140611290782  0.000336016537840
 -0.000027821070401 -0.027669342991956 -0.006787919346388  0.001013701305485
 -0.003985536142701  0.000000000000000  0.000336016537840  0.000195495241097
  0.000476438132989 -0.000011436271910  0.000288200271437  0.000000000000000
 -0.000140611290782 -0.000027821070401 -0.019076455493863 -0.006912713239004
  0.003242918244726  0.003083403408655  0.000000000000000  0.000220074100056
    3 Orbital Energy   -10.008309 Occupation  1.000000 Symmetry Bu      
 -0.027871037662302  0.004120216861415  0.000778227997940 -0.004133893799439
  0.000000000000000  0.008569790239830  0.000483250543378  0.000130751672168
  0.000082936770574  0.000000000000000 -0.009204326106558 -0.000559840234556
 -0.000129769399175  0.000008485056455  0.000000000000000  0.027871037662302
 -0.004120216861415  0.000778227997940 -0.004133893799439  0.000000000000000
 -0.008569790239830 -0.000483250543378  0.000130751672168  0.000082936770574
  0.000000000000000  0.000052079716490  0.000080459799374 -0.000052079716490
  0.699813085617506  0.030787071474716  0.000716677497163  0.001093314921860
  0.000000000000000 -0.008287423332210 -0.007621721041615  0.002957461369117
  0.003515536906362  0.000000000000000  0.000187702566399 -0.006422930175252
  0.000217502017597 -0.699813085617506 -0.030787071474716  0.000716677497163
  0.001093314921860  0.000000000000000  0.006422930175252  0.008287423332210
  0.007621721041615  0.002957461369117  0.003515536906362  0.000000000000000
 -0.000187702566399 -0.000217502017597  0.009204326106558  0.000559840234556
 -0.000129769399175  0.000008485056455  0.000000000000000 -0.000080459799374
    4 Orbital Energy   -10.008308 Occupation  1.000000 Symmetry Ag      
 -0.028079141906910  0.004068176432124  0.000770989492273 -0.004105677974248
  0.000000000000000  0.011176842208488  0.000458484038940  0.000209390442303
  0.000017097437113  0.000000000000000  0.011838300710684  0.000558231547879
  0.000186898186314  0.000069952251240  0.000000000000000 -0.028079141906910
  0.004068176432124 -0.000770989492273  0.004105677974248  0.000000000000000
  0.011176842208488  0.000458484038940 -0.000209390442303 -0.000017097437113
  0.000000000000000  0.000053419276745 -0.000083444971901  0.000053419276745
 -0.699729550954402 -0.030768664342957 -0.000714050917867 -0.001103398534340
  0.000000000000000  0.008280701392283  0.007620069867417 -0.002957802722568
 -0.003513676204669  0.000000000000000 -0.000188081879627  0.006420645818144
 -0.000217731558456 -0.699729550954402 -0.030768664342957  0.000714050917867
  0.001103398534340  0.000000000000000  0.006420645818144  0.008280701392283
  0.007620069867417  0.002957802722568  0.003513676204669  0.000000000000000
 -0.000188081879627 -0.000217731558456  0.011838300710684  0.000558231547879
 -0.000186898186314 -0.000069952251240  0.000000000000000 -0.000083444971901
    5 Orbital Energy   -10.006786 Occupation  1.000000 Symmetry Bu      
 -0.027400463807077  0.007810788280821 -0.002194495333805  0.002763604409708
  0.000000000000000 -0.624231009568111 -0.030648275203270 -0.000201456113992
 -0.002755608843896  0.000000000000000  0.315641618682279  0.019916188631850
  0.001172984020253 -0.004164247983021  0.000000000000000  0.027400463807077
 -0.007810788280821 -0.002194495333805  0.002763604409708  0.000000000000000
  0.624231009568111  0.030648275203270 -0.000201456113992 -0.002755608843896
  0.000000000000000  0.005736941636968 -0.003018253274320 -0.005736941636968
  0.010798218721182  0.000593959261840  0.000051321733166  0.000045198591238
  0.000000000000000 -0.000954187911350 -0.000244913502203  0.000005548255144
  0.000127760628750  0.000000000000000  0.000161458706804 -0.000148560400416
 -0.000010113108008 -0.010798218721182 -0.000593959261840  0.000051321733166
  0.000045198591238  0.000000000000000  0.000148560400416  0.000954187911350
  0.000244913502203  0.000005548255144  0.000127760628750  0.000000000000000
 -0.000161458706804  0.000010113108008 -0.315641618682279 -0.019916188631850
  0.001172984020253 -0.004164247983021  0.000000000000000  0.003018253274320
    6 Orbital Energy   -10.006785 Occupation  1.000000 Symmetry Ag      
 -0.008088586550472  0.001996036919472 -0.005167017775122 -0.000179112457631
  0.000000000000000 -0.608786372201991 -0.030036996605410  0.000028299493907
 -0.002731635727511  0.000000000000000  0.345517996098228  0.020930113134759
  0.001117323386061 -0.003974496086219  0.000000000000000 -0.008088586550472
  0.001996036919472  0.005167017775122  0.000179112457631  0.000000000000000
 -0.608786372201991 -0.030036996605410 -0.000028299493907  0.002731635727511
  0.000000000000000  0.005619819341100 -0.003208933780928  0.005619819341100
 -0.003567497807623 -0.000149272713981 -0.000111246931016 -0.000069319234372
  0.000000000000000  0.000489304659493  0.000118143558181  0.000018215769930
 -0.000046772677231  0.000000000000000 -0.000162871668043  0.000059949220389
  0.000005650104661 -0.003567497807623 -0.000149272713981  0.000111246931016
  0.000069319234372  0.000000000000000  0.000059949220389  0.000489304659493
  0.000118143558181 -0.000018215769930  0.000046772677231  0.000000000000000
 -0.000162871668043  0.000005650104661  0.345517996098228  0.020930113134759
 -0.001117323386061  0.003974496086219  0.000000000000000 -0.003208933780928
    7 Orbital Energy   -10.006099 Occupation  1.000000 Symmetry Bu      
 -0.008502776348591  0.002566032010736  0.004640282030271  0.001941951404590
  0.000000000000000  0.317041658411095  0.008082037700963  0.000992295285753
 -0.003534559636838  0.000000000000000  0.624951117884095  0.024637867700984
  0.000403065135537  0.001497305261838  0.000000000000000  0.008502776348591
 -0.002566032010736  0.004640282030271  0.001941951404590  0.000000000000000
 -0.317041658411095 -0.008082037700963  0.000992295285753 -0.003534559636838
  0.000000000000000 -0.002699300812547 -0.005552175284807  0.002699300812547
  0.004041934933220  0.000229582109121 -0.000002333970154  0.000027814535121
  0.000000000000000  0.000052090239770 -0.000058768185576  0.000046577756544
  0.000028232450744  0.000000000000000 -0.000058625633581 -0.000069170707955
  0.000008306417356 -0.004041934933220 -0.000229582109121 -0.000002333970154
  0.000027814535121  0.000000000000000  0.000069170707955 -0.000052090239770
  0.000058768185576  0.000046577756544  0.000028232450744  0.000000000000000
  0.000058625633581 -0.000008306417356 -0.624951117884095 -0.024637867700984
  0.000403065135537  0.001497305261838  0.000000000000000  0.005552175284807
    8 Orbital Energy   -10.005959 Occupation  1.000000 Symmetry Ag      
 -0.028234832950541  0.007262044066175  0.000804969662023  0.003163152131127
  0.000000000000000 -0.345779753182636 -0.009493406407973 -0.000748884573714
  0.003467514695251  0.000000000000000 -0.608940465989332 -0.023507889262186
  0.000024367764194 -0.001733760207569  0.000000000000000 -0.028234832950541
  0.007262044066175 -0.000804969662023 -0.003163152131127  0.000000000000000
 -0.345779753182636 -0.009493406407973  0.000748884573714 -0.003467514695251
  0.000000000000000  0.003143919519361  0.005564847038524  0.003143919519361
 -0.014789644248205 -0.000645647897281  0.000001641695215 -0.000172626233584
  0.000000000000000  0.001094615319945  0.000287418009107 -0.000043668442623
 -0.000169049935633  0.000000000000000 -0.000067739847439  0.000225336066988
  0.000010249687953 -0.014789644248205 -0.000645647897281 -0.000001641695215
  0.000172626233584  0.000000000000000  0.000225336066988  0.001094615319945
  0.000287418009107  0.000043668442623  0.000169049935633  0.000000000000000
 -0.000067739847439  0.000010249687953 -0.608940465989332 -0.023507889262186
 -0.000024367764194  0.001733760207569  0.000000000000000  0.005564847038524
    9 Orbital Energy    -9.992092 Occupation  1.000000 Symmetry Bu      
  0.000183690300414  0.000157489934193 -0.000021032083751 -0.000048698134790
  0.000000000000000  0.000799442856634 -0.000014343036481 -0.000009061209679
  0.000104826008765  0.000000000000000 -0.000288657454010  0.000001879261042
  0.000004290755421  0.000080795479489  0.000000000000000 -0.000183690300414
 -0.000157489934193 -0.000021032083751 -0.000048698134790  0.000000000000000
 -0.000799442856634  0.000014343036481 -0.000009061209679  0.000104826008765
  0.000000000000000  0.000100682175818  0.000011881057594 -0.000100682175818
 -0.009177749319220  0.006882994593731  0.002995565429797  0.003452230442774
  0.000000000000000 -0.700476695995764 -0.030858819837963  0.000867962165761
  0.000943851557977  0.000000000000000  0.006356102505381 -0.000043135378476
  0.006374544528659  0.009177749319220 -0.006882994593731  0.002995565429797
  0.003452230442774  0.000000000000000  0.000043135378476  0.700476695995764
  0.030858819837963  0.000867962165761  0.000943851557977  0.000000000000000
 -0.006356102505381 -0.006374544528659  0.000288657454010 -0.000001879261042
  0.000004290755421  0.000080795479489  0.000000000000000 -0.000011881057594
   10 Orbital Energy    -9.992092 Occupation  1.000000 Symmetry Ag      
  0.000185054664462  0.000155963977137 -0.000022750841748 -0.000047566784823
  0.000000000000000  0.000862682995921 -0.000035261135557 -0.000005004606742
  0.000088290166553  0.000000000000000  0.000593026161488 -0.000059907534689
 -0.000016141268898 -0.000027582541732  0.000000000000000  0.000185054664462
  0.000155963977137  0.000022750841748  0.000047566784823  0.000000000000000
  0.000862682995921 -0.000035261135557  0.000005004606742 -0.000088290166553
  0.000000000000000  0.000100800326379 -0.000016974865357  0.000100800326379
  0.009181948659387 -0.006882752855142 -0.002995253748587 -0.003451902894371
  0.000000000000000  0.700476420595758  0.030858551856971 -0.000867906884632
 -0.000943613206252  0.000000000000000 -0.006356212964060  0.000042805189972
 -0.006374566616088  0.009181948659387 -0.006882752855142  0.002995253748587
  0.003451902894371  0.000000000000000  0.000042805189972  0.700476420595758
  0.030858551856971  0.000867906884632  0.000943613206252  0.000000000000000
 -0.006356212964060 -0.006374566616088  0.000593026161488 -0.000059907534689
  0.000016141268898  0.000027582541732  0.000000000000000 -0.000016974865357
   11 Orbital Energy    -0.809565 Occupation  1.000000 Symmetry Ag      
 -0.107824787739705  0.274598344312378 -0.006617312400535  0.040773134866494
  0.000000000000000 -0.097630571347409  0.246794027844453  0.045104828333977
  0.032627056227656  0.000000000000000 -0.097872342372040  0.247001222911042
  0.053507354437733 -0.013248369172025  0.000000000000000 -0.107824787739705
  0.274598344312378  0.006617312400535 -0.040773134866494  0.000000000000000
 -0.097630571347409  0.246794027844453 -0.045104828333977 -0.032627056227656
  0.000000000000000  0.045107487309334  0.044961548163175  0.045107487309334
 -0.049678837747718  0.127726527928415  0.013519502952637 -0.028141341819925
  0.000000000000000 -0.024630149018553  0.062603263012907 -0.011902103365939
 -0.020604381830338  0.000000000000000  0.014069343126173  0.025650045509984
  0.010581405044202 -0.049678837747718  0.127726527928415 -0.013519502952637
  0.028141341819925  0.000000000000000  0.025650045509984 -0.024630149018553
  0.062603263012907  0.011902103365939  0.020604381830338  0.000000000000000
  0.014069343126173  0.010581405044202 -0.097872342372040  0.247001222911042
 -0.053507354437733  0.013248369172025  0.000000000000000  0.044961548163175
   12 Orbital Energy    -0.754024 Occupation  1.000000 Symmetry Bu      
  0.103565677904703 -0.273775641059264 -0.005130255996696  0.032725375023729
  0.000000000000000  0.042906845975545 -0.112803830023367 -0.045791537277587
  0.045366985492344  0.000000000000000 -0.038890139020334  0.101764994382606
  0.025847281033055  0.059755437502679  0.000000000000000 -0.103565677904703
  0.273775641059264 -0.005130255996696  0.032725375023729  0.000000000000000
 -0.042906845975545  0.112803830023367 -0.045791537277587  0.045366985492344
  0.000000000000000 -0.030577354840678  0.026810880843097  0.030577354840678
 -0.113846848979150  0.297242513347015  0.034260567632239 -0.007691477517431
  0.000000000000000 -0.080746446162930  0.209405016009891 -0.036098741575324
 -0.050722748965131  0.000000000000000  0.048516329178071  0.067144089826304
  0.043761949252470  0.113846848979150 -0.297242513347015  0.034260567632239
 -0.007691477517431  0.000000000000000 -0.067144089826304  0.080746446162930
 -0.209405016009891 -0.036098741575324 -0.050722748965131  0.000000000000000
 -0.048516329178071 -0.043761949252470  0.038890139020334 -0.101764994382606
  0.025847281033055  0.059755437502679  0.000000000000000 -0.026810880843097
   13 Orbital Energy    -0.717966 Occupation  1.000000 Symmetry Ag      
  0.004640246768433 -0.015099962563073 -0.012933368131302  0.095859520552109
  0.000000000000000 -0.041772242730415  0.109018060781001  0.000913075696178
  0.047286132094783  0.000000000000000 -0.046214202834164  0.121163640987559
  0.016925755696212 -0.036706966812103  0.000000000000000  0.004640246768433
 -0.015099962563073  0.012933368131302 -0.095859520552109  0.000000000000000
 -0.041772242730415  0.109018060781001 -0.000913075696178 -0.047286132094783
  0.000000000000000  0.016804123366100  0.023244043590560  0.016804123366100
  0.119270826713541 -0.314859813005843 -0.043785526883282 -0.058452661499962
  0.000000000000000  0.117469778971819 -0.309823985363907  0.047800286365854
  0.053855124739333  0.000000000000000 -0.074133015880727 -0.076582429395467
 -0.074924034743114  0.119270826713541 -0.314859813005843  0.043785526883282
  0.058452661499962  0.000000000000000 -0.076582429395467  0.117469778971819
 -0.309823985363907 -0.047800286365854 -0.053855124739333  0.000000000000000
 -0.074133015880727 -0.074924034743114 -0.046214202834164  0.121163640987559
 -0.016925755696212  0.036706966812103  0.000000000000000  0.023244043590560
   14 Orbital Energy    -0.699814 Occupation  1.000000 Symmetry Bu      
 -0.012184666881081  0.032992206213054  0.124312040636228  0.025460969607241
  0.000000000000000  0.120391541768967 -0.324751792102603  0.036153304990934
 -0.064914426062389  0.000000000000000  0.132151135187115 -0.356630012627211
  0.002770789785032  0.056686741820330  0.000000000000000  0.012184666881081
 -0.032992206213054  0.124312040636228  0.025460969607241  0.000000000000000
 -0.120391541768967  0.324751792102603  0.036153304990934 -0.064914426062389
  0.000000000000000 -0.090216328666775 -0.098305946730003  0.090216328666775
  0.000576362414223 -0.002250720094147  0.022334341324099  0.018630943397910
  0.000000000000000 -0.014011563574536  0.036631971611395  0.001874565238238
 -0.006117546861026  0.000000000000000  0.014413559063003 -0.010169442923932
  0.008620273283745 -0.000576362414223  0.002250720094147  0.022334341324099
  0.018630943397910  0.000000000000000  0.010169442923932  0.014011563574536
 -0.036631971611395  0.001874565238238 -0.006117546861026  0.000000000000000
 -0.014413559063003 -0.008620273283745 -0.132151135187115  0.356630012627211
  0.002770789785032  0.056686741820330  0.000000000000000  0.098305946730003
   15 Orbital Energy    -0.667508 Occupation  1.000000 Symmetry Bu      
 -0.099703666982585  0.274136860803811 -0.018720991102678  0.056203616913112
  0.000000000000000 -0.072773352817539  0.200694224374105  0.055492195530352
 -0.045725024107001  0.000000000000000  0.041320121285774 -0.114182228844496
 -0.035541493387936 -0.092182193141963  0.000000000000000  0.099703666982585
 -0.274136860803811 -0.018720991102678  0.056203616913112  0.000000000000000
  0.072773352817539 -0.200694224374105  0.055492195530352 -0.045725024107001
  0.000000000000000  0.052800297919057 -0.032690386361827 -0.052800297919057
 -0.051564833207200  0.136657213105809  0.036137124000078  0.129929450489742
  0.000000000000000 -0.110353605428068  0.299734407658718 -0.034053059212871
 -0.017119080894227  0.000000000000000  0.077517815159175  0.037364713067367
  0.090066604673230  0.051564833207200 -0.136657213105809  0.036137124000078
  0.129929450489742  0.000000000000000 -0.037364713067367  0.110353605428068
 -0.299734407658718 -0.034053059212871 -0.017119080894227  0.000000000000000
 -0.077517815159175 -0.090066604673230 -0.041320121285774  0.114182228844496
 -0.035541493387936 -0.092182193141963  0.000000000000000  0.032690386361827
   16 Orbital Energy    -0.588718 Occupation  1.000000 Symmetry Ag      
 -0.071216358356237  0.206965487599082  0.121495931733778 -0.069645265903801
  0.000000000000000  0.081368196144650 -0.232161987111450  0.066378158616042
 -0.022794405595017  0.000000000000000 -0.002307174513752  0.008038207980099
  0.026205426988240  0.160299337035121  0.000000000000000 -0.071216358356237
  0.206965487599082 -0.121495931733778  0.069645265903801  0.000000000000000
  0.081368196144650 -0.232161987111450 -0.066378158616042  0.022794405595017
  0.000000000000000 -0.105458920893500  0.018567510015436 -0.105458920893500
 -0.053094568095450  0.159678659884402 -0.077988733104506 -0.131895637336956
  0.000000000000000  0.084151963581474 -0.242690832740371 -0.034418975478925
 -0.039676856089422  0.000000000000000 -0.103729982138600  0.080202943446662
 -0.098421867396921 -0.053094568095450  0.159678659884402  0.077988733104506
  0.131895637336956  0.000000000000000  0.080202943446662  0.084151963581474
 -0.242690832740371  0.034418975478925  0.039676856089422  0.000000000000000
 -0.103729982138600 -0.098421867396921 -0.002307174513752  0.008038207980099
 -0.026205426988240 -0.160299337035121  0.000000000000000  0.018567510015436
   17 Orbital Energy    -0.558957 Occupation  1.000000 Symmetry Ag      
 -0.054013984879270  0.159863082589301 -0.184323085611589 -0.067596778347019
  0.000000000000000 -0.057958851646093  0.172137608686297  0.090504657156985
 -0.167970511039145  0.000000000000000  0.110472522561308 -0.326171656385378
  0.082809666317330 -0.035853712728446  0.000000000000000 -0.054013984879270
  0.159863082589301  0.184323085611589  0.067596778347019  0.000000000000000
 -0.057958851646093  0.172137608686297 -0.090504657156985  0.167970511039145
  0.000000000000000  0.083617681709764 -0.169716589519338  0.083617681709764
 -0.007246738088223  0.023509775818496  0.049371216176160 -0.075548892182163
  0.000000000000000  0.037099605348356 -0.111249330491703  0.015292124509049
 -0.048866114139454  0.000000000000000 -0.022081616742747 -0.032897172404503
 -0.067027995064527 -0.007246738088223  0.023509775818496 -0.049371216176160
  0.075548892182163  0.000000000000000 -0.032897172404503  0.037099605348356
 -0.111249330491703 -0.015292124509049  0.048866114139454  0.000000000000000
 -0.022081616742747 -0.067027995064527  0.110472522561308 -0.326171656385378
 -0.082809666317330  0.035853712728446  0.000000000000000 -0.169716589519338
   18 Orbital Energy    -0.531675 Occupation  1.000000 Symmetry Bu      
 -0.013279639825867  0.037881778872031 -0.056947654359738  0.134059947535524
  0.000000000000000 -0.030376707898031  0.091988045538766  0.038278794834200
 -0.077081658436662  0.000000000000000  0.050704214543062 -0.154526971613968
 -0.005271121741665 -0.005487220482504  0.000000000000000  0.013279639825867
 -0.037881778872031 -0.056947654359738  0.134059947535524  0.000000000000000
  0.030376707898031 -0.091988045538766  0.038278794834200 -0.077081658436662
  0.000000000000000  0.054770864879679 -0.050239231771800 -0.054770864879679
 -0.098867612745572  0.302683791902641 -0.114932980788740 -0.044233646807653
  0.000000000000000  0.080763119397369 -0.249184426371643 -0.120507812522314
 -0.094760319878024  0.000000000000000 -0.160362438737933  0.170569737434925
 -0.124873559390262  0.098867612745572 -0.302683791902641 -0.114932980788740
 -0.044233646807653  0.000000000000000 -0.170569737434925 -0.080763119397369
  0.249184426371643 -0.120507812522314 -0.094760319878024  0.000000000000000
  0.160362438737933  0.124873559390262 -0.050704214543062  0.154526971613968
 -0.005271121741665 -0.005487220482504  0.000000000000000  0.050239231771800
   19 Orbital Energy    -0.510187 Occupation  1.000000 Symmetry Ag      
  0.054562013602194 -0.162150079985346 -0.016426335288946 -0.142838542222575
  0.000000000000000 -0.052497313390771  0.166804265556731 -0.201234683592980
 -0.041373283692289  0.000000000000000 -0.006584140489397  0.024237445711038
 -0.181529339423275 -0.093145810608726  0.000000000000000  0.054562013602194
 -0.162150079985346  0.016426335288946  0.142838542222575  0.000000000000000
 -0.052497313390771  0.166804265556731  0.201234683592980  0.041373283692289
  0.000000000000000  0.169713096373767  0.098237541414735  0.169713096373767
 -0.059196011074851  0.180904585492418 -0.064474803619276  0.000096974942922
  0.000000000000000  0.051423178555450 -0.163047814433571 -0.077313038141184
 -0.083725686524466  0.000000000000000 -0.094968675288381  0.112556427317284
 -0.096929627063307 -0.059196011074851  0.180904585492418  0.064474803619276
 -0.000096974942922  0.000000000000000  0.112556427317284  0.051423178555450
 -0.163047814433571  0.077313038141184  0.083725686524466  0.000000000000000
 -0.094968675288381 -0.096929627063307 -0.006584140489397  0.024237445711038
  0.181529339423275  0.093145810608726  0.000000000000000  0.098237541414735
   20 Orbital Energy    -0.457464 Occupation  1.000000 Symmetry Ag      
  0.032327513642360 -0.106556024666785 -0.054213410016340  0.131473742030273
  0.000000000000000 -0.019462273061152  0.055104682338295  0.082170325744266
  0.137938139866737  0.000000000000000  0.013160990874186 -0.050914467368129
  0.140672264339416 -0.137585476587463  0.000000000000000  0.032327513642360
 -0.106556024666785  0.054213410016340 -0.131473742030273  0.000000000000000
 -0.019462273061152  0.055104682338295 -0.082170325744266 -0.137938139866737
  0.000000000000000 -0.090735805339145 -0.135953668768404 -0.090735805339145
 -0.040041794510304  0.127229491846668 -0.119315376166295  0.181886598752571
  0.000000000000000  0.016774287148266 -0.063028576781986 -0.213174971959241
  0.003707329566846  0.000000000000000 -0.179099577296972  0.152596158405515
  0.021795368148220 -0.040041794510304  0.127229491846668  0.119315376166295
 -0.181886598752571  0.000000000000000  0.152596158405515  0.016774287148266
 -0.063028576781986  0.213174971959241 -0.003707329566846  0.000000000000000
 -0.179099577296972  0.021795368148220  0.013160990874186 -0.050914467368129
 -0.140672264339416  0.137585476587463  0.000000000000000 -0.135953668768404
   21 Orbital Energy    -0.439376 Occupation  1.000000 Symmetry Bu      
  0.023045344036536 -0.078983175757873  0.122239456891169  0.137791643718447
  0.000000000000000 -0.042343113085705  0.138118397778465 -0.100048647823431
  0.099074481906929  0.000000000000000  0.022203655310145 -0.074768635990129
  0.022784728211755 -0.184254500430769  0.000000000000000 -0.023045344036536
  0.078983175757873  0.122239456891169  0.137791643718447  0.000000000000000
  0.042343113085705 -0.138118397778465 -0.100048647823431  0.099074481906929
  0.000000000000000  0.061038864313508 -0.100188395443731 -0.061038864313508
 -0.016787083301688  0.051269620539165  0.222038612687466 -0.095059007014810
  0.000000000000000  0.008034494644351 -0.031020709866851  0.095488024535360
 -0.207545538471810  0.000000000000000  0.072512170211148 -0.155770612365683
 -0.177629928838369  0.016787083301688 -0.051269620539165  0.222038612687466
 -0.095059007014810  0.000000000000000  0.155770612365683 -0.008034494644351
  0.031020709866851  0.095488024535360 -0.207545538471810  0.000000000000000
 -0.072512170211148  0.177629928838369 -0.022203655310145  0.074768635990129
  0.022784728211755 -0.184254500430769  0.000000000000000  0.100188395443731
   22 Orbital Energy    -0.410618 Occupation  1.000000 Symmetry Bu      
  0.069205661268067 -0.234499770108015 -0.100072837138282 -0.028676346574309
  0.000000000000000 -0.044103557916369  0.153249225061571 -0.110055621780168
 -0.181363242757914  0.000000000000000  0.047679353887633 -0.163959993673695
  0.218424434135916  0.067039719786096  0.000000000000000 -0.069205661268067
  0.234499770108015 -0.100072837138282 -0.028676346574309  0.000000000000000
  0.044103557916369 -0.153249225061571 -0.110055621780168 -0.181363242757914
  0.000000000000000  0.231434874291495 -0.225279683798219 -0.231434874291495
  0.015160892797912 -0.041742083702587 -0.036796946648931 -0.127612902230644
  0.000000000000000 -0.011905754110034  0.049782734753238  0.073593422175310
  0.136439274058367  0.000000000000000  0.043379395422524 -0.026421743794027
  0.104998078353850 -0.015160892797912  0.041742083702587 -0.036796946648931
 -0.127612902230644  0.000000000000000  0.026421743794027  0.011905754110034
 -0.049782734753238  0.073593422175310  0.136439274058367  0.000000000000000
 -0.043379395422524 -0.104998078353850 -0.047679353887633  0.163959993673695
  0.218424434135916  0.067039719786096  0.000000000000000  0.225279683798219
   23 Orbital Energy    -0.397959 Occupation  1.000000 Symmetry Bu      
  0.022653002270386 -0.076991486858818  0.222766199880779 -0.138813417710493
  0.000000000000000  0.011725352501413 -0.036450015620224 -0.252033689652907
  0.049651903432544  0.000000000000000 -0.001164433804582  0.001119511169312
  0.006786094382932 -0.118883312015878  0.000000000000000 -0.022653002270386
  0.076991486858818  0.222766199880779 -0.138813417710493  0.000000000000000
 -0.011725352501413  0.036450015620224 -0.252033689652907  0.049651903432544
  0.000000000000000  0.133398899090725 -0.037162501244638 -0.133398899090725
  0.002473561724706 -0.014599178995414  0.037786747317015  0.183232909079999
  0.000000000000000 -0.001028835361305 -0.007660086719589 -0.252314835752621
  0.031497454483434  0.000000000000000 -0.215907843060699 -0.012226837333163
  0.087288404512293 -0.002473561724706  0.014599178995414  0.037786747317015
  0.183232909079999  0.000000000000000  0.012226837333163  0.001028835361305
  0.007660086719589 -0.252314835752621  0.031497454483434  0.000000000000000
  0.215907843060699 -0.087288404512293  0.001164433804582 -0.001119511169312
  0.006786094382932 -0.118883312015878  0.000000000000000  0.037162501244638
   24 Orbital Energy    -0.396046 Occupation  1.000000 Symmetry Ag      
  0.021646213623723 -0.071480684568890 -0.015673106692086  0.009754866979055
  0.000000000000000  0.018353053939756 -0.068372104672674  0.033965115760214
  0.136915738988049  0.000000000000000 -0.025329763558170  0.084645470754244
  0.008023588488669 -0.081151951579655  0.000000000000000  0.021646213623723
 -0.071480684568890  0.015673106692086 -0.009754866979055  0.000000000000000
  0.018353053939756 -0.068372104672674 -0.033965115760214 -0.136915738988049
  0.000000000000000 -0.113851880179001  0.006607378023514 -0.113851880179001
 -0.027613442395504  0.080456894780243  0.250019142046013  0.088500898074525
  0.000000000000000 -0.004507209400769  0.000111018311631 -0.003528375685297
 -0.339127656169172  0.000000000000000  0.024030800005529 -0.145680888654515
 -0.262093726253620 -0.027613442395504  0.080456894780243 -0.250019142046013
 -0.088500898074525  0.000000000000000 -0.145680888654515 -0.004507209400769
  0.000111018311631  0.003528375685297  0.339127656169172  0.000000000000000
  0.024030800005529 -0.262093726253620 -0.025329763558170  0.084645470754244
 -0.008023588488669  0.081151951579655  0.000000000000000  0.006607378023514
   25 Orbital Energy    -0.373992 Occupation  1.000000 Symmetry Bu      
 -0.003276510237123  0.011504941623368  0.083780549881173  0.079920436410186
  0.000000000000000  0.020145074586320 -0.063779509189513 -0.182700223971140
 -0.229260863515469  0.000000000000000  0.028517358860142 -0.090822947455063
 -0.312203729426613  0.137863110726533  0.000000000000000  0.003276510237123
 -0.011504941623368  0.083780549881173  0.079920436410186  0.000000000000000
 -0.020145074586320  0.063779509189513 -0.182700223971140 -0.229260863515469
  0.000000000000000  0.217071059647341  0.253701995290036 -0.217071059647341
  0.001827402850785 -0.004297235622939  0.019108347073761 -0.064505593953566
  0.000000000000000 -0.004264883967357  0.017770763044060  0.076585528671222
 -0.004755608604619  0.000000000000000  0.054334038991994 -0.014856685769578
 -0.016620891080194 -0.001827402850785  0.004297235622939  0.019108347073761
 -0.064505593953566  0.000000000000000  0.014856685769578  0.004264883967357
 -0.017770763044060  0.076585528671222 -0.004755608604619  0.000000000000000
 -0.054334038991994  0.016620891080194 -0.028517358860142  0.090822947455063
 -0.312203729426613  0.137863110726533  0.000000000000000 -0.253701995290036
   26 Orbital Energy    -0.351172 Occupation  1.000000 Symmetry Bu      
  0.002984891035627 -0.011006332451390  0.164522413503096  0.181204145655771
  0.000000000000000 -0.006610587058210  0.018508783515823 -0.075583166123196
  0.192886279852079  0.000000000000000  0.017351377252147 -0.062791576690527
 -0.096129775458431 -0.227432319253781  0.000000000000000 -0.002984891035627
  0.011006332451390  0.164522413503096  0.181204145655771  0.000000000000000
  0.006610587058210 -0.018508783515823 -0.075583166123196  0.192886279852079
  0.000000000000000 -0.047153527685506 -0.006581336593933  0.047153527685506
  0.001182278575906  0.012030160017848 -0.196834736536741 -0.191039316271811
  0.000000000000000  0.020510230269242 -0.056589979391581  0.112834381299464
  0.247930772153356  0.000000000000000  0.051075351365781  0.146000600029742
  0.157220655926960 -0.001182278575906 -0.012030160017848 -0.196834736536741
 -0.191039316271811  0.000000000000000 -0.146000600029742 -0.020510230269242
  0.056589979391581  0.112834381299464  0.247930772153356  0.000000000000000
 -0.051075351365781 -0.157220655926960 -0.017351377252147  0.062791576690527
 -0.096129775458431 -0.227432319253781  0.000000000000000  0.006581336593933
   27 Orbital Energy    -0.347285 Occupation  1.000000 Symmetry Ag      
  0.025167871721289 -0.090577784568522  0.087254608716351  0.000770420187353
  0.000000000000000 -0.007570751669371  0.025450285448764 -0.065367140520562
  0.139484030846561  0.000000000000000  0.005309189088512 -0.026962097908941
  0.130632749390763 -0.131950084196066  0.000000000000000  0.025167871721289
 -0.090577784568522 -0.087254608716351 -0.000770420187353  0.000000000000000
 -0.007570751669371  0.025450285448764  0.065367140520562 -0.139484030846561
  0.000000000000000  0.005896250604025 -0.155780095864142  0.005896250604025
 -0.017046456602569  0.071843871565859 -0.205897393118782 -0.092955376405020
  0.000000000000000  0.010464571911880 -0.026858473348708  0.296621735670642
 -0.041466000138404  0.000000000000000  0.268047556952571  0.200069553119051
 -0.143617368261790 -0.017046456602569  0.071843871565859  0.205897393118782
  0.092955376405020  0.000000000000000  0.200069553119051  0.010464571911880
 -0.026858473348708 -0.296621735670642  0.041466000138404  0.000000000000000
  0.268047556952571 -0.143617368261790  0.005309189088512 -0.026962097908941
 -0.130632749390763  0.131950084196066  0.000000000000000 -0.155780095864142
   28 Orbital Energy    -0.324560 Occupation  1.000000 Symmetry Au      
  0.000000000000000  0.000000000000000  0.000000000000000  0.000000000000000
  0.337523112768153  0.000000000000000  0.000000000000000  0.000000000000000
  0.000000000000000  0.297261747125046  0.000000000000000  0.000000000000000
  0.000000000000000  0.000000000000000  0.297861199643799  0.000000000000000
  0.000000000000000  0.000000000000000  0.000000000000000  0.337523112768153
  0.000000000000000  0.000000000000000  0.000000000000000  0.000000000000000
  0.297261747125046  0.000000000000000  0.000000000000000  0.000000000000000
  0.000000000000000  0.000000000000000  0.000000000000000  0.000000000000000
  0.173999518300012  0.000000000000000  0.000000000000000  0.000000000000000
  0.000000000000000  0.092493789689263  0.000000000000000  0.000000000000000
  0.000000000000000  0.000000000000000  0.000000000000000  0.000000000000000
  0.000000000000000  0.173999518300012  0.000000000000000  0.000000000000000
  0.000000000000000  0.000000000000000  0.000000000000000  0.092493789689263
  0.000000000000000  0.000000000000000  0.000000000000000  0.000000000000000
  0.000000000000000  0.000000000000000  0.297861199643799  0.000000000000000
   29 Orbital Energy    -0.311269 Occupation  1.000000 Symmetry Bu      
  0.010612558508979 -0.046106259105241 -0.097508625406784  0.240257568597121
  0.000000000000000 -0.013757248771906  0.047259886226384  0.143207344685304
 -0.005950850803193  0.000000000000000  0.007087029798631 -0.021963157194126
 -0.067094724929034  0.039901427452286  0.000000000000000 -0.010612558508979
  0.046106259105241 -0.097508625406784  0.240257568597121  0.000000000000000
  0.013757248771906 -0.047259886226384  0.143207344685304 -0.005950850803193
  0.000000000000000 -0.052584496287505  0.047566667826793  0.052584496287505
 -0.002554846471587  0.005964236709554  0.220986253412709 -0.164592611618126
  0.000000000000000 -0.003431472687747  0.014205276739834 -0.202297972932564
  0.132702487197704  0.000000000000000 -0.230483165224566 -0.258819496347425
  0.212930267757623  0.002554846471587 -0.005964236709554  0.220986253412709
 -0.164592611618126  0.000000000000000  0.258819496347425  0.003431472687747
 -0.014205276739834 -0.202297972932564  0.132702487197704  0.000000000000000
  0.230483165224566 -0.212930267757623 -0.007087029798631  0.021963157194126
 -0.067094724929034  0.039901427452286  0.000000000000000 -0.047566667826793
   30 Orbital Energy    -0.292828 Occupation  1.000000 Symmetry Ag      
 -0.003575000369601  0.023428222995869 -0.118791686933909 -0.273141447830865
  0.000000000000000 -0.008580999086724  0.023605790194993  0.070670015251272
  0.237507142518326  0.000000000000000  0.002276193859649 -0.007369986388792
 -0.122225217082509 -0.281742130433541  0.000000000000000 -0.003575000369601
  0.023428222995869  0.118791686933909  0.273141447830865  0.000000000000000
 -0.008580999086724  0.023605790194993 -0.070670015251272 -0.237507142518326
  0.000000000000000 -0.237773794492618  0.016294934987365 -0.237773794492618
 -0.019944409472675  0.082897655413929  0.053230755810317 -0.248345851283792
  0.000000000000000  0.008293801489862 -0.021228001188240  0.020275731299141
  0.146447923652442  0.000000000000000 -0.055666791968499 -0.070619777541965
  0.137698590585903 -0.019944409472675  0.082897655413929 -0.053230755810317
  0.248345851283792  0.000000000000000 -0.070619777541965  0.008293801489862
 -0.021228001188240 -0.020275731299141 -0.146447923652442  0.000000000000000
 -0.055666791968499  0.137698590585903  0.002276193859649 -0.007369986388792
  0.122225217082509  0.281742130433541  0.000000000000000  0.016294934987365
   31 Orbital Energy    -0.287498 Occupation  1.000000 Symmetry Ag      
  0.007093471607284 -0.034161678444454 -0.300726397439928  0.082343543663502
  0.000000000000000 -0.007986580996183  0.023054107922507  0.283704209860635
 -0.086017047970477  0.000000000000000  0.011967422187429 -0.035405164707908
 -0.226240477894687  0.038538003154556  0.000000000000000  0.007093471607284
 -0.034161678444454  0.300726397439928 -0.082343543663502  0.000000000000000
 -0.007986580996183  0.023054107922507 -0.283704209860635  0.086017047970477
  0.000000000000000 -0.156092499078606  0.259106352746793 -0.156092499078606
  0.010733074664843 -0.036860043689142 -0.137954535953510  0.104582206080380
  0.000000000000000  0.004800235597384 -0.018709111908447  0.109645709621826
 -0.032362679224056  0.000000000000000  0.113896507976852  0.180828493495335
 -0.087073698280813  0.010733074664843 -0.036860043689142  0.137954535953510
 -0.104582206080380  0.000000000000000  0.180828493495335  0.004800235597384
 -0.018709111908447 -0.109645709621826  0.032362679224056  0.000000000000000
  0.113896507976852 -0.087073698280813  0.011967422187429 -0.035405164707908
  0.226240477894687 -0.038538003154556  0.000000000000000  0.259106352746793
   32 Orbital Energy    -0.263587 Occupation  1.000000 Symmetry Bg      
  0.000000000000000  0.000000000000000  0.000000000000000  0.000000000000000
  0.348806205564072  0.000000000000000  0.000000000000000  0.000000000000000
  0.000000000000000  0.132828747361938  0.000000000000000  0.000000000000000
  0.000000000000000  0.000000000000000 -0.130663061992815  0.000000000000000
  0.000000000000000  0.000000000000000  0.000000000000000 -0.348806205564072
  0.000000000000000  0.000000000000000  0.000000000000000  0.000000000000000
 -0.132828747361938  0.000000000000000  0.000000000000000  0.000000000000000
  0.000000000000000  0.000000000000000  0.000000000000000  0.000000000000000
 -0.376558544163720  0.000000000000000  0.000000000000000  0.000000000000000
  0.000000000000000 -0.271558346278013  0.000000000000000  0.000000000000000
  0.000000000000000  0.000000000000000  0.000000000000000  0.000000000000000
  0.000000000000000  0.376558544163720  0.000000000000000  0.000000000000000
  0.000000000000000  0.000000000000000  0.000000000000000  0.271558346278013
  0.000000000000000  0.000000000000000  0.000000000000000  0.000000000000000
  0.000000000000000  0.000000000000000  0.130663061992815  0.000000000000000
   33 Orbital Energy    -0.212446 Occupation  1.000000 Symmetry Au      
  0.000000000000000  0.000000000000000  0.000000000000000  0.000000000000000
  0.017958060992311  0.000000000000000  0.000000000000000  0.000000000000000
  0.000000000000000  0.176736848642817  0.000000000000000  0.000000000000000
  0.000000000000000  0.000000000000000  0.179169411902393  0.000000000000000
  0.000000000000000  0.000000000000000  0.000000000000000  0.017958060992311
  0.000000000000000  0.000000000000000  0.000000000000000  0.000000000000000
  0.176736848642817  0.000000000000000  0.000000000000000  0.000000000000000
  0.000000000000000  0.000000000000000  0.000000000000000  0.000000000000000
 -0.413725750072647  0.000000000000000  0.000000000000000  0.000000000000000
  0.000000000000000 -0.417957234430513  0.000000000000000  0.000000000000000
  0.000000000000000  0.000000000000000  0.000000000000000  0.000000000000000
  0.000000000000000 -0.413725750072647  0.000000000000000  0.000000000000000
  0.000000000000000  0.000000000000000  0.000000000000000 -0.417957234430513
  0.000000000000000  0.000000000000000  0.000000000000000  0.000000000000000
  0.000000000000000  0.000000000000000  0.179169411902393  0.000000000000000
   34 Orbital Energy    -0.195081 Occupation  1.000000 Symmetry Bg      
  0.000000000000000  0.000000000000000  0.000000000000000  0.000000000000000
 -0.004750722082906  0.000000000000000  0.000000000000000  0.000000000000000
  0.000000000000000  0.458223620936982  0.000000000000000  0.000000000000000
  0.000000000000000  0.000000000000000  0.463039863778724  0.000000000000000
  0.000000000000000  0.000000000000000  0.000000000000000  0.004750722082906
  0.000000000000000  0.000000000000000  0.000000000000000  0.000000000000000
 -0.458223620936982  0.000000000000000  0.000000000000000  0.000000000000000
  0.000000000000000  0.000000000000000  0.000000000000000  0.000000000000000
  0.002208261682078  0.000000000000000  0.000000000000000  0.000000000000000
  0.000000000000000 -0.007374656827828  0.000000000000000  0.000000000000000
  0.000000000000000  0.000000000000000  0.000000000000000  0.000000000000000
  0.000000000000000 -0.002208261682078  0.000000000000000  0.000000000000000
  0.000000000000000  0.000000000000000  0.000000000000000  0.007374656827828
  0.000000000000000  0.000000000000000  0.000000000000000  0.000000000000000
  0.000000000000000  0.000000000000000 -0.463039863778724  0.000000000000000
   35 Orbital Energy    -0.153090 Occupation  1.000000 Symmetry Bg      
  0.000000000000000  0.000000000000000  0.000000000000000  0.000000000000000
  0.387659698272255  0.000000000000000  0.000000000000000  0.000000000000000
  0.000000000000000  0.228681609890878  0.000000000000000  0.000000000000000
  0.000000000000000  0.000000000000000 -0.217172234316793  0.000000000000000
  0.000000000000000  0.000000000000000  0.000000000000000 -0.387659698272255
  0.000000000000000  0.000000000000000  0.000000000000000  0.000000000000000
 -0.228681609890878  0.000000000000000  0.000000000000000  0.000000000000000
  0.000000000000000  0.000000000000000  0.000000000000000  0.000000000000000
  0.223451757084757  0.000000000000000  0.000000000000000  0.000000000000000
  0.000000000000000  0.397384570794974  0.000000000000000  0.000000000000000
  0.000000000000000  0.000000000000000  0.000000000000000  0.000000000000000
  0.000000000000000 -0.223451757084757  0.000000000000000  0.000000000000000
  0.000000000000000  0.000000000000000  0.000000000000000 -0.397384570794974
  0.000000000000000  0.000000000000000  0.000000000000000  0.000000000000000
  0.000000000000000  0.000000000000000  0.217172234316793  0.000000000000000
   36 Orbital Energy     0.037415 Occupation  0.000000 Symmetry Au      
  0.000000000000000  0.000000000000000  0.000000000000000  0.000000000000000
  0.442598345498142  0.000000000000000  0.000000000000000  0.000000000000000
  0.000000000000000 -0.276470441380234  0.000000000000000  0.000000000000000
  0.000000000000000  0.000000000000000 -0.233104855720842  0.000000000000000
  0.000000000000000  0.000000000000000  0.000000000000000  0.442598345498142
  0.000000000000000  0.000000000000000  0.000000000000000  0.000000000000000
 -0.276470441380234  0.000000000000000  0.000000000000000  0.000000000000000
  0.000000000000000  0.000000000000000  0.000000000000000  0.000000000000000
  0.256263757530010  0.000000000000000  0.000000000000000  0.000000000000000
  0.000000000000000 -0.449800134123144  0.000000000000000  0.000000000000000
  0.000000000000000  0.000000000000000  0.000000000000000  0.000000000000000
  0.000000000000000  0.256263757530010  0.000000000000000  0.000000000000000
  0.000000000000000  0.000000000000000  0.000000000000000 -0.449800134123144
  0.000000000000000  0.000000000000000  0.000000000000000  0.000000000000000
  0.000000000000000  0.000000000000000 -0.233104855720842  0.000000000000000
   37 Orbital Energy     0.090331 Occupation  0.000000 Symmetry Au      
  0.000000000000000  0.000000000000000  0.000000000000000  0.000000000000000
 -0.031464884479081  0.000000000000000  0.000000000000000  0.000000000000000
  0.000000000000000 -0.553561160756048  0.000000000000000  0.000000000000000
  0.000000000000000  0.000000000000000  0.582561302672010  0.000000000000000
  0.000000000000000  0.000000000000000  0.000000000000000 -0.031464884479081
  0.000000000000000  0.000000000000000  0.000000000000000  0.000000000000000
 -0.553561160756048  0.000000000000000  0.000000000000000  0.000000000000000
  0.000000000000000  0.000000000000000  0.000000000000000  0.000000000000000
  0.004752087048510  0.000000000000000  0.000000000000000  0.000000000000000
  0.000000000000000  0.009565107733735  0.000000000000000  0.000000000000000
  0.000000000000000  0.000000000000000  0.000000000000000  0.000000000000000
  0.000000000000000  0.004752087048510  0.000000000000000  0.000000000000000
  0.000000000000000  0.000000000000000  0.000000000000000  0.009565107733735
  0.000000000000000  0.000000000000000  0.000000000000000  0.000000000000000
  0.000000000000000  0.000000000000000  0.582561302672010  0.000000000000000
   38 Orbital Energy     0.110612 Occupation  0.000000 Symmetry Bg      
  0.000000000000000  0.000000000000000  0.000000000000000  0.000000000000000
  0.023148461586901  0.000000000000000  0.000000000000000  0.000000000000000
  0.000000000000000 -0.232016765830523  0.000000000000000  0.000000000000000
  0.000000000000000  0.000000000000000  0.240576712589293  0.000000000000000
  0.000000000000000  0.000000000000000  0.000000000000000 -0.023148461586901
  0.000000000000000  0.000000000000000  0.000000000000000  0.000000000000000
  0.232016765830523  0.000000000000000  0.000000000000000  0.000000000000000
  0.000000000000000  0.000000000000000  0.000000000000000  0.000000000000000
 -0.522297172664198  0.000000000000000  0.000000000000000  0.000000000000000
  0.000000000000000  0.523124136880711  0.000000000000000  0.000000000000000
  0.000000000000000  0.000000000000000  0.000000000000000  0.000000000000000
  0.000000000000000  0.522297172664198  0.000000000000000  0.000000000000000
  0.000000000000000  0.000000000000000  0.000000000000000 -0.523124136880711
  0.000000000000000  0.000000000000000  0.000000000000000  0.000000000000000
  0.000000000000000  0.000000000000000 -0.240576712589293  0.000000000000000
   39 Orbital Energy     0.182160 Occupation  0.000000 Symmetry Au      
  0.000000000000000  0.000000000000000  0.000000000000000  0.000000000000000
 -0.497441007002083  0.000000000000000  0.000000000000000  0.000000000000000
  0.000000000000000  0.199830213052563  0.000000000000000  0.000000000000000
  0.000000000000000  0.000000000000000  0.166153379364829  0.000000000000000
  0.000000000000000  0.000000000000000  0.000000000000000 -0.497441007002083
  0.000000000000000  0.000000000000000  0.000000000000000  0.000000000000000
  0.199830213052563  0.000000000000000  0.000000000000000  0.000000000000000
  0.000000000000000  0.000000000000000  0.000000000000000  0.000000000000000
  0.529103525261357  0.000000000000000  0.000000000000000  0.000000000000000
  0.000000000000000 -0.379492701754400  0.000000000000000  0.000000000000000
  0.000000000000000  0.000000000000000  0.000000000000000  0.000000000000000
  0.000000000000000  0.529103525261357  0.000000000000000  0.000000000000000
  0.000000000000000  0.000000000000000  0.000000000000000 -0.379492701754400
  0.000000000000000  0.000000000000000  0.000000000000000  0.000000000000000
  0.000000000000000  0.000000000000000  0.166153379364829  0.000000000000000
   40 Orbital Energy     0.272477 Occupation  0.000000 Symmetry Bg      
  0.000000000000000  0.000000000000000  0.000000000000000  0.000000000000000
 -0.543561340391280  0.000000000000000  0.000000000000000  0.000000000000000
  0.000000000000000  0.467233650886432  0.000000000000000  0.000000000000000
  0.000000000000000  0.000000000000000 -0.464164771700915  0.000000000000000
  0.000000000000000  0.000000000000000  0.000000000000000  0.543561340391280
  0.000000000000000  0.000000000000000  0.000000000000000  0.000000000000000
 -0.467233650886432  0.000000000000000  0.000000000000000  0.000000000000000
  0.000000000000000  0.000000000000000  0.000000000000000  0.000000000000000
 -0.287582299491749  0.000000000000000  0.000000000000000  0.000000000000000
  0.000000000000000  0.155879578378391  0.000000000000000  0.000000000000000
  0.000000000000000  0.000000000000000  0.000000000000000  0.000000000000000
  0.000000000000000  0.287582299491749  0.000000000000000  0.000000000000000
  0.000000000000000  0.000000000000000  0.000000000000000 -0.155879578378391
  0.000000000000000  0.000000000000000  0.000000000000000  0.000000000000000
  0.000000000000000  0.000000000000000  0.464164771700915  0.000000000000000
   41 Orbital Energy     0.332195 Occupation  0.000000 Symmetry Ag      
  0.068301754782117 -0.402079577626822 -0.095302730331586  0.270163338420167
  0.000000000000000  0.046351138216561 -0.279933289471481  0.199289162262239
  0.128196695646727  0.000000000000000  0.028051936222994 -0.172736629404720
  0.306570446742810 -0.044713823646696  0.000000000000000  0.068301754782117
 -0.402079577626822  0.095302730331586 -0.270163338420167  0.000000000000000
  0.046351138216561 -0.279933289471481 -0.199289162262239 -0.128196695646727
  0.000000000000000  0.422941218921834  0.413420732801577  0.422941218921834
 -0.049216104892264  0.277474596711980  0.255274831990013 -0.332989260415981
  0.000000000000000  0.039744881782294 -0.230056215768836  0.145292764099549
 -0.144679815979700  0.000000000000000 -0.113708620604589  0.149060667202355
  0.356235199524948 -0.049216104892264  0.277474596711980 -0.255274831990013
  0.332989260415981  0.000000000000000  0.149060667202355  0.039744881782294
 -0.230056215768836 -0.145292764099549  0.144679815979700  0.000000000000000
 -0.113708620604589  0.356235199524948  0.028051936222994 -0.172736629404720
 -0.306570446742810  0.044713823646696  0.000000000000000  0.413420732801577
   42 Orbital Energy     0.340708 Occupation  0.000000 Symmetry Bu      
  0.034474614972742 -0.202426144393557 -0.287492627704733  0.129617413772630
  0.000000000000000 -0.015846971605777  0.096207534937387 -0.282451894028805
  0.000506317377866  0.000000000000000  0.006297952207004 -0.030769795087398
 -0.355647810449190  0.001186407159221  0.000000000000000 -0.034474614972742
  0.202426144393557 -0.287492627704733  0.129617413772630  0.000000000000000
  0.015846971605777 -0.096207534937387 -0.282451894028805  0.000506317377866
  0.000000000000000 -0.268191601388914 -0.319807900265474  0.268191601388914
 -0.007675885272099  0.047110755556863 -0.350579274498154  0.210539458834177
  0.000000000000000 -0.002552277306426  0.019269472340404 -0.306883335047009
  0.160189902057411  0.000000000000000  0.323810185995786 -0.434814376277107
 -0.285962643279929  0.007675885272099 -0.047110755556863 -0.350579274498154
  0.210539458834177  0.000000000000000  0.434814376277107  0.002552277306426
 -0.019269472340404 -0.306883335047009  0.160189902057411  0.000000000000000
 -0.323810185995786  0.285962643279929 -0.006297952207004  0.030769795087398
 -0.355647810449190  0.001186407159221  0.000000000000000  0.319807900265474
   43 Orbital Energy     0.379321 Occupation  0.000000 Symmetry Bu      
  0.057797781943018 -0.335350877089617  0.087703894170912  0.462888468783080
  0.000000000000000 -0.004463300151404  0.019605457125818  0.262129710629049
  0.329903144648765  0.000000000000000  0.025044367603817 -0.152499705595179
  0.128913225354108  0.234197520271764  0.000000000000000 -0.057797781943018
  0.335350877089617  0.087703894170912  0.462888468783080  0.000000000000000
  0.004463300151404 -0.019605457125818  0.262129710629049  0.329903144648765
  0.000000000000000  0.411476107551158  0.118612172285347 -0.411476107551158
  0.092851781094862 -0.542639843015944 -0.066313163758352  0.331175546054890
  0.000000000000000 -0.049599804527977  0.289680793223342 -0.105937519053985
  0.137294872839313  0.000000000000000  0.014632593021739  0.157593111186331
 -0.346058653282786 -0.092851781094862  0.542639843015944 -0.066313163758352
  0.331175546054890  0.000000000000000 -0.157593111186331  0.049599804527977
 -0.289680793223342 -0.105937519053985  0.137294872839313  0.000000000000000
 -0.014632593021739  0.346058653282786 -0.025044367603817  0.152499705595179
  0.128913225354108  0.234197520271764  0.000000000000000 -0.118612172285347
   44 Orbital Energy     0.381440 Occupation  0.000000 Symmetry Ag      
  0.023169542515989 -0.139716391314364 -0.099144447019327 -0.078655408912614
  0.000000000000000 -0.021106168930944  0.134522126169161 -0.170257399776134
 -0.213208305010671  0.000000000000000 -0.064533057078511  0.394116126362515
 -0.006655314652829  0.125464329171570  0.000000000000000  0.023169542515989
 -0.139716391314364  0.099144447019327  0.078655408912614  0.000000000000000
 -0.021106168930944  0.134522126169161  0.170257399776134  0.213208305010671
  0.000000000000000 -0.300659734431669 -0.293858121261789 -0.300659734431669
  0.063577284577286 -0.382346260801925  0.335723843152239 -0.064659919514685
  0.000000000000000 -0.021018999968486  0.117603461293399  0.309829417848760
 -0.229075378400563  0.000000000000000 -0.394055536928793  0.576030297239421
  0.248551086659060  0.063577284577286 -0.382346260801925 -0.335723843152239
  0.064659919514685  0.000000000000000  0.576030297239421 -0.021018999968486
  0.117603461293399 -0.309829417848760  0.229075378400563  0.000000000000000
 -0.394055536928793  0.248551086659060 -0.064533057078511  0.394116126362515
  0.006655314652829 -0.125464329171570  0.000000000000000 -0.293858121261789
   45 Orbital Energy     0.410983 Occupation  0.000000 Symmetry Ag      
 -0.051417388569379  0.310513015257643 -0.258502431649253 -0.160989794757722
  0.000000000000000  0.101218129666741 -0.618618403314866 -0.039186123963037
 -0.014522756216057  0.000000000000000 -0.073629472414703  0.450439311739877
 -0.041604991787842 -0.162331651204129  0.000000000000000 -0.051417388569379
  0.310513015257643  0.258502431649253  0.160989794757722  0.000000000000000
  0.101218129666741 -0.618618403314866  0.039186123963037  0.014522756216057
  0.000000000000000  0.221356526082889 -0.228779190733453  0.221356526082889
  0.024047711558834 -0.153234965780003  0.136542663713946  0.236398304063563
  0.000000000000000  0.104000236486642 -0.651168370310074 -0.231325412220364
 -0.084624140859360  0.000000000000000  0.511211020760479  0.171532262795728
  0.325406516767827  0.024047711558834 -0.153234965780003 -0.136542663713946
 -0.236398304063563  0.000000000000000  0.171532262795728  0.104000236486642
 -0.651168370310074  0.231325412220364  0.084624140859360  0.000000000000000
  0.511211020760479  0.325406516767827 -0.073629472414703  0.450439311739877
  0.041604991787842  0.162331651204129  0.000000000000000 -0.228779190733453
&
&hess
   1
   1  7.287434E-01
   2 -3.059336E-03  7.071643E-01
   3  0.000000E+00  0.000000E+00  1.583111E-01
   4 -3.236468E-01  9.359970E-02  0.000000E+00  7.832126E-01
   5  1.429592E-02 -1.521968E-01  0.000000E+00  6.498375E-02  8.016907E-01
   6  0.000000E+00  0.000000E+00 -6.750455E-02  0.000000E+00  0.000000E+00
   7  1.713878E-02  3.808048E-02  0.000000E+00 -1.553084E-01  9.378237E-02
   8  1.087380E-01 -1.268011E-02  0.000000E+00 -8.325683E-03 -3.784593E-01
   9  0.000000E+00  0.000000E+00  6.900354E-03  0.000000E+00  0.000000E+00
  10 -8.210819E-02 -1.773242E-02  0.000000E+00  6.251932E-02 -7.666770E-02
  11 -1.785277E-02  9.561955E-03  0.000000E+00 -7.685922E-03 -5.693769E-02
  12  0.000000E+00  0.000000E+00 -8.877556E-03  0.000000E+00  0.000000E+00
  13  6.251932E-02 -7.685922E-03  0.000000E+00 -3.325785E-02  4.210418E-02
  14 -7.666770E-02 -5.693769E-02  0.000000E+00  4.211417E-02 -4.827700E-02
  15  0.000000E+00  0.000000E+00  6.944601E-03  0.000000E+00  0.000000E+00
  16 -1.466382E-02 -2.301510E-02  0.000000E+00 -2.666951E-01 -1.690678E-01
  17  1.327674E-02  1.252999E-02  0.000000E+00 -1.682371E-01 -2.067352E-01
  18  0.000000E+00  0.000000E+00  2.708895E-03  0.000000E+00  0.000000E+00
  19  1.280163E-03 -6.689683E-06  0.000000E+00  9.812229E-04 -6.014742E-03
  20 -1.390949E-03 -5.178101E-03  0.000000E+00  3.340676E-02 -5.373746E-03
  21  0.000000E+00  0.000000E+00  8.769532E-03  0.000000E+00  0.000000E+00
  22  4.079118E-05  2.006242E-03  0.000000E+00  4.265386E-04  1.078985E-03
  23  3.507341E-03 -3.768815E-03  0.000000E+00  9.875344E-04  1.501701E-04
  24  0.000000E+00  0.000000E+00  8.807582E-03  0.000000E+00  0.000000E+00
  25 -2.170255E-04 -1.370943E-03  0.000000E+00 -4.714137E-03 -1.225148E-03
  26  4.126522E-04 -6.032949E-03  0.000000E+00 -6.370251E-03  6.560795E-03
  27  0.000000E+00  0.000000E+00 -9.671052E-04  0.000000E+00  0.000000E+00
  28  8.173886E-05  1.842504E-03  0.000000E+00  1.980470E-03 -1.344205E-03
  29 -9.265716E-04  1.797950E-03  0.000000E+00  9.698086E-04 -3.149025E-03
  30  0.000000E+00  0.000000E+00 -3.971849E-05  0.000000E+00  0.000000E+00
  31 -7.536733E-05  1.533171E-04  0.000000E+00 -1.916098E-04  1.980876E-05
  32 -1.498877E-05 -4.932182E-05  0.000000E+00  1.134515E-04  3.804115E-05
  33  0.000000E+00  0.000000E+00 -7.998904E-05  0.000000E+00  0.000000E+00
  34  1.578896E-04 -8.187655E-05  0.000000E+00 -1.702608E-04  1.591002E-05
  35 -6.552018E-05  1.719040E-04  0.000000E+00 -1.205319E-04  1.840149E-04
  36  0.000000E+00  0.000000E+00  1.004125E-04  0.000000E+00  0.000000E+00
  37  6.683232E-05  4.295376E-05  0.000000E+00 -2.618338E-04 -7.888899E-05
  38 -1.732454E-04  1.725272E-04  0.000000E+00 -4.409439E-04 -1.650441E-04
  39  0.000000E+00  0.000000E+00  1.503954E-04  0.000000E+00  0.000000E+00
  40 -1.256451E-01  5.933392E-02  0.000000E+00 -1.565102E-04  3.388203E-02
  41  2.941190E-02 -2.366039E-01  0.000000E+00  2.195080E-02 -2.375893E-02
  42  0.000000E+00  0.000000E+00 -6.330829E-02  0.000000E+00  0.000000E+00
  43 -3.398028E-03 -3.510186E-03  0.000000E+00  7.477213E-04  4.718665E-05
  44  3.202993E-02 -6.077142E-03  0.000000E+00 -1.702052E-03 -5.285446E-03
  45  0.000000E+00  0.000000E+00  2.348490E-03  0.000000E+00  0.000000E+00
  46  1.823040E-02 -1.153578E-02  0.000000E+00 -5.068437E-03  4.844148E-03
  47 -1.968446E-02 -4.933489E-02  0.000000E+00 -6.517990E-03  3.911181E-03
  48  0.000000E+00  0.000000E+00  5.480008E-03  0.000000E+00  0.000000E+00
  49  3.825459E-04  1.416821E-03  0.000000E+00  6.053099E-04  1.177986E-03
  50  1.460921E-03  1.727467E-03  0.000000E+00 -1.267515E-03 -1.263963E-03
  51  0.000000E+00  0.000000E+00 -8.181393E-03  0.000000E+00  0.000000E+00
  52 -3.263033E-03 -1.327624E-03  0.000000E+00 -5.447722E-04  1.307396E-04
  53 -2.853739E-03  1.403251E-05  0.000000E+00 -1.870148E-04  4.552493E-04
  54  0.000000E+00  0.000000E+00  1.286779E-02  0.000000E+00  0.000000E+00
  55 -2.616158E-01 -1.401411E-01  0.000000E+00 -5.799867E-02  1.709760E-03
  56 -5.582797E-02 -2.137731E-01  0.000000E+00 -5.546387E-02  7.280510E-02
  57  0.000000E+00  0.000000E+00 -6.660447E-02  0.000000E+00  0.000000E+00
  58 -1.471716E-02  1.285183E-02  0.000000E+00 -1.352361E-03 -3.932769E-03
  59 -2.396775E-02  9.692892E-03  0.000000E+00 -2.441081E-03 -3.812206E-03
  60  0.000000E+00  0.000000E+00  2.394263E-03  0.000000E+00  0.000000E+00
   6
   6  1.417427E-01
   7  0.000000E+00  8.267432E-01
   8  0.000000E+00 -5.346135E-02  7.588163E-01
   9 -6.252507E-02  0.000000E+00  0.000000E+00  1.416827E-01
  10  0.000000E+00 -2.616158E-01 -5.582797E-02  0.000000E+00  7.287434E-01
  11  0.000000E+00 -1.401411E-01 -2.137731E-01  0.000000E+00 -3.059336E-03
  12  6.944601E-03  0.000000E+00  0.000000E+00 -6.660447E-02  0.000000E+00
  13  0.000000E+00 -5.799867E-02 -5.546387E-02  0.000000E+00 -3.236468E-01
  14  0.000000E+00  1.709760E-03  7.280510E-02  0.000000E+00  1.429592E-02
  15 -6.362042E-03  0.000000E+00  0.000000E+00  6.485876E-03  0.000000E+00
  16  0.000000E+00  9.504789E-03  1.172336E-02  0.000000E+00  4.079118E-05
  17  0.000000E+00 -2.780975E-02 -1.418104E-02  0.000000E+00  3.507341E-03
  18 -4.050210E-02  0.000000E+00  0.000000E+00  3.639360E-03  0.000000E+00
  19  0.000000E+00 -3.720518E-01  1.037030E-01  0.000000E+00 -1.471716E-02
  20  0.000000E+00  1.046837E-01 -1.012736E-01  0.000000E+00 -2.396775E-02
  21  3.309235E-03  0.000000E+00  0.000000E+00 -3.996372E-02  0.000000E+00
  22  0.000000E+00 -3.683674E-03  4.100715E-03  0.000000E+00 -1.466382E-02
  23  0.000000E+00  2.603734E-03 -1.371282E-03  0.000000E+00  1.327674E-02
  24 -9.229709E-04  0.000000E+00  0.000000E+00  7.697378E-03  0.000000E+00
  25  0.000000E+00  7.719288E-03 -3.071830E-02  0.000000E+00 -1.256451E-01
  26  0.000000E+00 -5.038817E-03 -4.555588E-02  0.000000E+00  2.941190E-02
  27  7.381764E-03  0.000000E+00  0.000000E+00  3.842016E-03  0.000000E+00
  28  0.000000E+00  8.967033E-04  6.981951E-03  0.000000E+00  1.823040E-02
  29  0.000000E+00  7.249573E-03  3.065672E-03  0.000000E+00 -1.968446E-02
  30 -9.280112E-05  0.000000E+00  0.000000E+00  1.484125E-03  0.000000E+00
  31  0.000000E+00 -5.494950E-04  2.045330E-04  0.000000E+00  3.825459E-04
  32  0.000000E+00  6.707797E-05  1.698064E-06  0.000000E+00  1.460921E-03
  33  2.576948E-04  0.000000E+00  0.000000E+00  3.696699E-05  0.000000E+00
  34  0.000000E+00  1.224075E-03 -2.474602E-03  0.000000E+00 -3.398028E-03
  35  0.000000E+00  2.279812E-03  1.830344E-03  0.000000E+00  3.202993E-02
  36 -2.831982E-05  0.000000E+00  0.000000E+00 -8.847230E-04  0.000000E+00
  37  0.000000E+00  9.161647E-04 -8.866072E-04  0.000000E+00 -3.263033E-03
  38  0.000000E+00  6.280789E-05 -3.636870E-04  0.000000E+00 -2.853739E-03
  39 -8.893335E-04  0.000000E+00  0.000000E+00  4.352820E-05  0.000000E+00
  40  0.000000E+00 -6.345011E-03  4.231689E-04  0.000000E+00 -2.170255E-04
  41  0.000000E+00  1.568207E-03  9.962337E-03  0.000000E+00  4.126522E-04
  42  2.730463E-03  0.000000E+00  0.000000E+00  6.889885E-03  0.000000E+00
  43  0.000000E+00 -3.007644E-04 -1.234006E-04  0.000000E+00  1.578896E-04
  44  0.000000E+00  1.646781E-03  2.886915E-04  0.000000E+00 -6.552018E-05
  45  2.467644E-03  0.000000E+00  0.000000E+00  4.699787E-06  0.000000E+00
  46  0.000000E+00 -4.082333E-04 -2.902576E-03  0.000000E+00  8.173886E-05
  47  0.000000E+00 -1.215779E-03 -1.847534E-03  0.000000E+00 -9.265716E-04
  48  4.065117E-04  0.000000E+00  0.000000E+00 -4.454931E-04  0.000000E+00
  49  0.000000E+00  1.866555E-04  1.087679E-04  0.000000E+00 -7.536733E-05
  50  0.000000E+00  2.955605E-04  1.652128E-04  0.000000E+00 -1.498877E-05
  51  1.563810E-04  0.000000E+00  0.000000E+00  1.455204E-04  0.000000E+00
  52  0.000000E+00  2.484224E-04 -3.582889E-06  0.000000E+00  6.683232E-05
  53  0.000000E+00  2.940284E-05  6.574454E-05  0.000000E+00 -1.732454E-04
  54 -4.241823E-04  0.000000E+00  0.000000E+00 -3.240920E-04  0.000000E+00
  55  0.000000E+00 -6.433849E-03 -2.514288E-02  0.000000E+00  1.713878E-02
  56  0.000000E+00 -2.470124E-02 -7.697348E-02  0.000000E+00  1.087380E-01
  57  6.485876E-03  0.000000E+00  0.000000E+00 -7.075737E-03  0.000000E+00
  58  0.000000E+00  1.013691E-03 -8.837573E-04  0.000000E+00  1.280163E-03
  59  0.000000E+00 -4.873761E-04 -4.252850E-04  0.000000E+00 -1.390949E-03
  60  7.353617E-03  0.000000E+00  0.000000E+00 -8.833332E-04  0.000000E+00
  11
  11  7.071643E-01
  12  0.000000E+00  1.583111E-01
  13  9.359970E-02  0.000000E+00  7.832126E-01
  14 -1.521968E-01  0.000000E+00  6.498375E-02  8.016907E-01
  15  0.000000E+00 -6.750455E-02  0.000000E+00  0.000000E+00  1.417427E-01
  16  2.006242E-03  0.000000E+00  4.265386E-04  1.078985E-03  0.000000E+00
  17 -3.768815E-03  0.000000E+00  9.875344E-04  1.501701E-04  0.000000E+00
  18  0.000000E+00  8.807582E-03  0.000000E+00  0.000000E+00 -9.229709E-04
  19  1.285183E-02  0.000000E+00 -1.352361E-03 -3.932769E-03  0.000000E+00
  20  9.692892E-03  0.000000E+00 -2.441081E-03 -3.812206E-03  0.000000E+00
  21  0.000000E+00  2.394263E-03  0.000000E+00  0.000000E+00  7.353617E-03
  22 -2.301510E-02  0.000000E+00 -2.666951E-01 -1.690678E-01  0.000000E+00
  23  1.252999E-02  0.000000E+00 -1.682371E-01 -2.067352E-01  0.000000E+00
  24  0.000000E+00  2.708895E-03  0.000000E+00  0.000000E+00 -4.050210E-02
  25  5.933392E-02  0.000000E+00 -1.565102E-04  3.388203E-02  0.000000E+00
  26 -2.366039E-01  0.000000E+00  2.195080E-02 -2.375893E-02  0.000000E+00
  27  0.000000E+00 -6.330829E-02  0.000000E+00  0.000000E+00  2.730463E-03
  28 -1.153578E-02  0.000000E+00 -5.068437E-03  4.844148E-03  0.000000E+00
  29 -4.933489E-02  0.000000E+00 -6.517990E-03  3.911181E-03  0.000000E+00
  30  0.000000E+00  5.480008E-03  0.000000E+00  0.000000E+00  4.065117E-04
  31  1.416821E-03  0.000000E+00  6.053099E-04  1.177986E-03  0.000000E+00
  32  1.727467E-03  0.000000E+00 -1.267515E-03 -1.263963E-03  0.000000E+00
  33  0.000000E+00 -8.181393E-03  0.000000E+00  0.000000E+00  1.563810E-04
  34 -3.510186E-03  0.000000E+00  7.477213E-04  4.718665E-05  0.000000E+00
  35 -6.077142E-03  0.000000E+00 -1.702052E-03 -5.285446E-03  0.000000E+00
  36  0.000000E+00  2.348490E-03  0.000000E+00  0.000000E+00  2.467644E-03
  37 -1.327624E-03  0.000000E+00 -5.447722E-04  1.307396E-04  0.000000E+00
  38  1.403251E-05  0.000000E+00 -1.870148E-04  4.552493E-04  0.000000E+00
  39  0.000000E+00  1.286779E-02  0.000000E+00  0.000000E+00 -4.241823E-04
  40 -1.370943E-03  0.000000E+00 -4.714137E-03 -1.225148E-03  0.000000E+00
  41 -6.032949E-03  0.000000E+00 -6.370251E-03  6.560795E-03  0.000000E+00
  42  0.000000E+00 -9.671052E-04  0.000000E+00  0.000000E+00  7.381764E-03
  43 -8.187655E-05  0.000000E+00 -1.702608E-04  1.591002E-05  0.000000E+00
  44  1.719040E-04  0.000000E+00 -1.205319E-04  1.840149E-04  0.000000E+00
  45  0.000000E+00  1.004125E-04  0.000000E+00  0.000000E+00 -2.831982E-05
  46  1.842504E-03  0.000000E+00  1.980470E-03 -1.344205E-03  0.000000E+00
  47  1.797950E-03  0.000000E+00  9.698086E-04 -3.149025E-03  0.000000E+00
  48  0.000000E+00 -3.971849E-05  0.000000E+00  0.000000E+00 -9.280112E-05
  49  1.533171E-04  0.000000E+00 -1.916098E-04  1.980876E-05  0.000000E+00
  50 -4.932182E-05  0.000000E+00  1.134515E-04  3.804115E-05  0.000000E+00
  51  0.000000E+00 -7.998904E-05  0.000000E+00  0.000000E+00  2.576948E-04
  52  4.295376E-05  0.000000E+00 -2.618338E-04 -7.888899E-05  0.000000E+00
  53  1.725272E-04  0.000000E+00 -4.409439E-04 -1.650441E-04  0.000000E+00
  54  0.000000E+00  1.503954E-04  0.000000E+00  0.000000E+00 -8.893335E-04
  55  3.808048E-02  0.000000E+00 -1.553084E-01  9.378237E-02  0.000000E+00
  56 -1.268011E-02  0.000000E+00 -8.325683E-03 -3.784593E-01  0.000000E+00
  57  0.000000E+00  6.900354E-03  0.000000E+00  0.000000E+00 -6.252507E-02
  58 -6.689683E-06  0.000000E+00  9.812229E-04 -6.014742E-03  0.000000E+00
  59 -5.178101E-03  0.000000E+00  3.340676E-02 -5.373746E-03  0.000000E+00
  60  0.000000E+00  8.769532E-03  0.000000E+00  0.000000E+00  3.309235E-03
  16
  16  2.724080E-01
  17  1.757683E-01  2.144561E-01
  18  0.000000E+00  0.000000E+00  2.823817E-02
  19  1.222432E-03 -2.084138E-04  0.000000E+00  3.824220E-01
  20  9.793239E-07  1.857328E-03  0.000000E+00 -1.084780E-01  1.027151E-01
  21  0.000000E+00  0.000000E+00 -5.047878E-03  0.000000E+00  0.000000E+00
  22  3.763552E-07 -1.719916E-04  0.000000E+00 -7.678071E-04 -1.198589E-03
  23 -2.098878E-04  1.548344E-05  0.000000E+00  6.784453E-04  5.771022E-04
  24  0.000000E+00  0.000000E+00 -1.124727E-03  0.000000E+00  0.000000E+00
  25  4.766114E-04 -1.402586E-03  0.000000E+00  1.539643E-03 -1.979997E-03
  26  1.545179E-04 -4.465412E-04  0.000000E+00  2.288908E-03  1.437224E-03
  27  0.000000E+00  0.000000E+00  5.042646E-05  0.000000E+00  0.000000E+00
  28 -1.233471E-04  2.656446E-04  0.000000E+00  2.149517E-04  2.653360E-04
  29  9.243750E-05 -3.608118E-04  0.000000E+00  2.224717E-04 -1.410352E-04
  30  0.000000E+00  0.000000E+00 -1.128179E-04  0.000000E+00  0.000000E+00
  31  4.922091E-05  7.809538E-05  0.000000E+00 -8.819607E-05  4.174592E-05
  32 -5.116141E-06 -6.094732E-06  0.000000E+00  6.947347E-05  8.246819E-05
  33  0.000000E+00  0.000000E+00 -3.821993E-06  0.000000E+00  0.000000E+00
  34  6.654998E-05  1.655054E-05  0.000000E+00  1.045232E-04  4.383467E-04
  35 -1.314090E-05  1.274085E-05  0.000000E+00 -5.179073E-04 -6.396754E-05
  36  0.000000E+00  0.000000E+00  1.557173E-05  0.000000E+00  0.000000E+00
  37  2.455979E-05 -1.280014E-04  0.000000E+00  5.647985E-05 -1.259958E-05
  38  8.314509E-05  8.202471E-06  0.000000E+00 -2.025330E-04  2.040862E-05
  39  0.000000E+00  0.000000E+00  3.848515E-06  0.000000E+00  0.000000E+00
  40  1.491146E-03 -1.085106E-03  0.000000E+00  1.059771E-04  1.468890E-03
  41 -1.762899E-03 -1.631672E-04  0.000000E+00 -1.502229E-05  1.980358E-04
  42  0.000000E+00  0.000000E+00 -3.846372E-03  0.000000E+00  0.000000E+00
  43  1.328046E-04  1.543533E-05  0.000000E+00 -4.485741E-05  9.075466E-05
  44  1.702666E-05 -1.729301E-05  0.000000E+00 -3.019517E-06 -4.499609E-04
  45  0.000000E+00  0.000000E+00 -6.294605E-05  0.000000E+00  0.000000E+00
  46 -6.621169E-05  1.937443E-03  0.000000E+00  3.605895E-05 -1.667026E-05
  47 -3.355703E-04 -1.019712E-03  0.000000E+00  7.923010E-05  1.134546E-05
  48  0.000000E+00  0.000000E+00  2.073569E-04  0.000000E+00  0.000000E+00
  49  4.671738E-04  4.162078E-04  0.000000E+00 -2.855311E-05  9.147236E-05
  50  8.060482E-04 -1.659136E-03  0.000000E+00  2.625286E-05 -4.804175E-05
  51  0.000000E+00  0.000000E+00  2.945782E-04  0.000000E+00  0.000000E+00
  52  3.474390E-04 -2.150399E-04  0.000000E+00  1.487404E-05 -7.142277E-05
  53 -5.852354E-05  9.057343E-05  0.000000E+00 -4.040159E-05  4.851655E-05
  54  0.000000E+00  0.000000E+00  1.257313E-04  0.000000E+00  0.000000E+00
  55 -3.683674E-03  2.603734E-03  0.000000E+00  1.013691E-03 -4.873761E-04
  56  4.100715E-03 -1.371282E-03  0.000000E+00 -8.837573E-04 -4.252850E-04
  57  0.000000E+00  0.000000E+00  7.697378E-03  0.000000E+00  0.000000E+00
  58 -7.678071E-04  6.784453E-04  0.000000E+00 -1.670798E-04  9.579131E-05
  59 -1.198589E-03  5.771022E-04  0.000000E+00  1.656066E-04  1.329498E-04
  60  0.000000E+00  0.000000E+00  1.690572E-04  0.000000E+00  0.000000E+00
  21
  21  2.882353E-02
  22  0.000000E+00  2.724080E-01
  23  0.000000E+00  1.757683E-01  2.144561E-01
  24  1.690572E-04  0.000000E+00  0.000000E+00  2.823817E-02
  25  0.000000E+00  1.491146E-03 -1.085106E-03  0.000000E+00  8.745177E-01
  26  0.000000E+00 -1.762899E-03 -1.631672E-04  0.000000E+00  1.448720E-01
  27 -3.816154E-03  0.000000E+00  0.000000E+00 -3.846372E-03  0.000000E+00
  28  0.000000E+00 -6.621169E-05  1.937443E-03  0.000000E+00 -3.567826E-01
  29  0.000000E+00 -3.355703E-04 -1.019712E-03  0.000000E+00 -2.540136E-01
  30  1.186915E-04  0.000000E+00  0.000000E+00  2.073569E-04  0.000000E+00
  31  0.000000E+00  4.671738E-04  4.162078E-04  0.000000E+00 -1.343413E-02
  32  0.000000E+00  8.060482E-04 -1.659136E-03  0.000000E+00 -3.043398E-02
  33 -7.732186E-05  0.000000E+00  0.000000E+00  2.945782E-04  0.000000E+00
  34  0.000000E+00  1.328046E-04  1.543533E-05  0.000000E+00 -3.879351E-01
  35  0.000000E+00  1.702666E-05 -1.729301E-05  0.000000E+00  6.897540E-02
  36 -5.730806E-05  0.000000E+00  0.000000E+00 -6.294605E-05  0.000000E+00
  37  0.000000E+00  3.474390E-04 -2.150399E-04  0.000000E+00  1.040460E-02
  38  0.000000E+00 -5.852354E-05  9.057343E-05  0.000000E+00  1.266415E-02
  39  3.117461E-04  0.000000E+00  0.000000E+00  1.257313E-04  0.000000E+00
  40  0.000000E+00  4.766114E-04 -1.402586E-03  0.000000E+00  1.884369E-05
  41  0.000000E+00  1.545179E-04 -4.465412E-04  0.000000E+00  7.394297E-04
  42  1.725411E-04  0.000000E+00  0.000000E+00  5.042646E-05  0.000000E+00
  43  0.000000E+00  6.654998E-05  1.655054E-05  0.000000E+00  3.443197E-05
  44  0.000000E+00 -1.314090E-05  1.274085E-05  0.000000E+00 -5.416954E-05
  45 -2.229175E-04  0.000000E+00  0.000000E+00  1.557173E-05  0.000000E+00
  46  0.000000E+00 -1.233471E-04  2.656446E-04  0.000000E+00  1.148293E-04
  47  0.000000E+00  9.243750E-05 -3.608118E-04  0.000000E+00 -2.160967E-04
  48  2.600094E-05  0.000000E+00  0.000000E+00 -1.128179E-04  0.000000E+00
  49  0.000000E+00  4.922091E-05  7.809538E-05  0.000000E+00  1.375856E-04
  50  0.000000E+00 -5.116141E-06 -6.094732E-06  0.000000E+00  8.643373E-05
  51  1.428691E-05  0.000000E+00  0.000000E+00 -3.821993E-06  0.000000E+00
  52  0.000000E+00  2.455979E-05 -1.280014E-04  0.000000E+00 -1.252200E-04
  53  0.000000E+00  8.314509E-05  8.202471E-06  0.000000E+00  5.196184E-05
  54  1.374191E-06  0.000000E+00  0.000000E+00  3.848515E-06  0.000000E+00
  55  0.000000E+00  9.504789E-03 -2.780975E-02  0.000000E+00 -6.345011E-03
  56  0.000000E+00  1.172336E-02 -1.418104E-02  0.000000E+00  4.231689E-04
  57 -8.833332E-04  0.000000E+00  0.000000E+00  3.639360E-03  0.000000E+00
  58  0.000000E+00  1.222432E-03 -2.084138E-04  0.000000E+00  1.059771E-04
  59  0.000000E+00  9.793239E-07  1.857328E-03  0.000000E+00  1.468890E-03
  60 -1.019277E-03  0.000000E+00  0.000000E+00 -5.047878E-03  0.000000E+00
  26
  26  7.799623E-01
  27  0.000000E+00  1.385379E-01
  28 -2.322626E-01  0.000000E+00  8.674046E-01
  29 -4.045693E-01  0.000000E+00  1.056130E-01  8.991036E-01
  30  0.000000E+00 -5.274774E-02  0.000000E+00  0.000000E+00  1.142981E-01
  31  7.405122E-03  0.000000E+00 -4.046559E-01  4.991860E-02  0.000000E+00
  32  1.098696E-02  0.000000E+00  5.250017E-02 -7.772811E-02  0.000000E+00
  33  0.000000E+00  4.682026E-03  0.000000E+00  0.000000E+00 -3.876124E-02
  34  6.579274E-02  0.000000E+00 -1.502950E-02  8.963152E-03  0.000000E+00
  35 -7.856699E-02  0.000000E+00 -3.273024E-02  7.677554E-03  0.000000E+00
  36  0.000000E+00 -4.425255E-02  0.000000E+00  0.000000E+00  5.613618E-03
  37 -2.800493E-02  0.000000E+00 -1.058486E-01  1.100932E-01  0.000000E+00
  38 -1.632124E-02  0.000000E+00  1.057969E-01 -3.767523E-01  0.000000E+00
  39  0.000000E+00  5.553455E-03  0.000000E+00  0.000000E+00 -3.548511E-02
  40  8.734412E-04  0.000000E+00  1.148293E-04 -2.160967E-04  0.000000E+00
  41  3.177425E-03  0.000000E+00 -1.186448E-03 -1.030962E-03  0.000000E+00
  42  0.000000E+00 -9.795503E-04  0.000000E+00  0.000000E+00  8.634756E-05
  43 -1.627077E-05  0.000000E+00  1.284314E-04  2.156465E-04  0.000000E+00
  44  1.750675E-04  0.000000E+00  1.600275E-05 -8.688272E-05  0.000000E+00
  45  0.000000E+00 -4.149181E-06  0.000000E+00  0.000000E+00 -4.525307E-06
  46 -1.186448E-03  0.000000E+00  1.274983E-04  3.204402E-04  0.000000E+00
  47 -1.030962E-03  0.000000E+00  3.809909E-04  1.829301E-05  0.000000E+00
  48  0.000000E+00  8.634756E-05  0.000000E+00  0.000000E+00  1.090044E-05
  49  4.903938E-05  0.000000E+00 -6.449114E-05  1.385592E-04  0.000000E+00
  50  1.864996E-05  0.000000E+00  9.337014E-05  1.090858E-04  0.000000E+00
  51  0.000000E+00  5.880085E-05  0.000000E+00  0.000000E+00 -1.254629E-06
  52 -6.535862E-05  0.000000E+00  7.281915E-05  1.190020E-05  0.000000E+00
  53  5.135961E-05  0.000000E+00 -1.615814E-05  8.666882E-05  0.000000E+00
  54  0.000000E+00 -9.422076E-06  0.000000E+00  0.000000E+00 -1.376472E-05
  55  1.568207E-03  0.000000E+00 -4.082333E-04 -1.215779E-03  0.000000E+00
  56  9.962337E-03  0.000000E+00 -2.902576E-03 -1.847534E-03  0.000000E+00
  57  0.000000E+00  6.889885E-03  0.000000E+00  0.000000E+00 -4.454931E-04
  58 -1.502229E-05  0.000000E+00  3.605895E-05  7.923010E-05  0.000000E+00
  59  1.980358E-04  0.000000E+00 -1.667026E-05  1.134546E-05  0.000000E+00
  60  0.000000E+00  1.725411E-04  0.000000E+00  0.000000E+00  2.600094E-05
  31
  31  4.185107E-01
  32 -5.123793E-02  6.928329E-02
  33  0.000000E+00  0.000000E+00  2.554396E-02
  34 -3.794564E-04 -2.031815E-03  0.000000E+00  4.023551E-01
  35 -2.148449E-03 -3.819139E-03  0.000000E+00 -6.720883E-02  8.254460E-02
  36  0.000000E+00  0.000000E+00  1.381065E-02  0.000000E+00  0.000000E+00
  37 -1.799930E-03  2.966927E-02  0.000000E+00  1.891361E-03  3.730894E-06
  38 -7.501717E-03  2.857118E-03  0.000000E+00  3.033366E-04  1.929797E-03
  39  0.000000E+00  0.000000E+00  2.089470E-03  0.000000E+00  0.000000E+00
  40  1.375856E-04  8.643373E-05  0.000000E+00  3.443197E-05 -5.416954E-05
  41  4.903938E-05  1.864996E-05  0.000000E+00 -1.627077E-05  1.750675E-04
  42  0.000000E+00  0.000000E+00  5.880085E-05  0.000000E+00  0.000000E+00
  43  2.832812E-06 -1.030194E-04  0.000000E+00 -7.097080E-05 -4.250509E-05
  44  3.020018E-06  9.562204E-06  0.000000E+00  2.103710E-06 -1.350821E-05
  45  0.000000E+00  0.000000E+00  3.080497E-06  0.000000E+00  0.000000E+00
  46 -6.449114E-05  9.337014E-05  0.000000E+00  1.284314E-04  1.600275E-05
  47  1.385592E-04  1.090858E-04  0.000000E+00  2.156465E-04 -8.688272E-05
  48  0.000000E+00  0.000000E+00 -1.254629E-06  0.000000E+00  0.000000E+00
  49 -7.345296E-05 -6.894069E-05  0.000000E+00  2.832812E-06  3.020018E-06
  50 -2.830556E-06 -3.499995E-06  0.000000E+00 -1.030194E-04  9.562204E-06
  51  0.000000E+00  0.000000E+00  1.778230E-05  0.000000E+00  0.000000E+00
  52  1.136356E-04 -7.976334E-06  0.000000E+00 -4.699926E-05  4.227379E-06
  53 -3.887496E-05 -2.598811E-07  0.000000E+00 -1.936205E-06 -9.969737E-06
  54  0.000000E+00  0.000000E+00 -1.889614E-05  0.000000E+00  0.000000E+00
  55  1.866555E-04  2.955605E-04  0.000000E+00 -3.007644E-04  1.646781E-03
  56  1.087679E-04  1.652128E-04  0.000000E+00 -1.234006E-04  2.886915E-04
  57  0.000000E+00  0.000000E+00  1.455204E-04  0.000000E+00  0.000000E+00
  58 -2.855311E-05  2.625286E-05  0.000000E+00 -4.485741E-05 -3.019517E-06
  59  9.147236E-05 -4.804175E-05  0.000000E+00  9.075466E-05 -4.499609E-04
  60  0.000000E+00  0.000000E+00  1.428691E-05  0.000000E+00  0.000000E+00
  36
  36  3.045808E-02
  37  0.000000E+00  9.813604E-02
  38  0.000000E+00 -1.090849E-01  3.890294E-01
  39 -9.134155E-03  0.000000E+00  0.000000E+00  2.535692E-02
  40  0.000000E+00 -1.252200E-04  5.196184E-05  0.000000E+00  8.745177E-01
  41  0.000000E+00 -6.535862E-05  5.135961E-05  0.000000E+00  1.448720E-01
  42 -4.149181E-06  0.000000E+00  0.000000E+00 -9.422076E-06  0.000000E+00
  43  0.000000E+00 -4.699926E-05 -1.936205E-06  0.000000E+00 -3.879351E-01
  44  0.000000E+00  4.227379E-06 -9.969737E-06  0.000000E+00  6.897540E-02
  45 -7.919373E-08  0.000000E+00  0.000000E+00  2.167089E-06  0.000000E+00
  46  0.000000E+00  7.281915E-05 -1.615814E-05  0.000000E+00 -3.567826E-01
  47  0.000000E+00  1.190020E-05  8.666882E-05  0.000000E+00 -2.540136E-01
  48 -4.525307E-06  0.000000E+00  0.000000E+00 -1.376472E-05  0.000000E+00
  49  0.000000E+00  1.136356E-04 -3.887496E-05  0.000000E+00 -1.343413E-02
  50  0.000000E+00 -7.976334E-06 -2.598811E-07  0.000000E+00 -3.043398E-02
  51  3.080497E-06  0.000000E+00  0.000000E+00 -1.889614E-05  0.000000E+00
  52  0.000000E+00 -3.562106E-05  2.752750E-05  0.000000E+00  1.040460E-02
  53  0.000000E+00  9.338169E-05 -6.461175E-05  0.000000E+00  1.266415E-02
  54  2.167089E-06  0.000000E+00  0.000000E+00  2.624213E-05  0.000000E+00
  55  0.000000E+00  2.484224E-04  2.940284E-05  0.000000E+00  7.719288E-03
  56  0.000000E+00 -3.582889E-06  6.574454E-05  0.000000E+00 -3.071830E-02
  57  4.699787E-06  0.000000E+00  0.000000E+00 -3.240920E-04  0.000000E+00
  58  0.000000E+00  1.487404E-05 -4.040159E-05  0.000000E+00  1.539643E-03
  59  0.000000E+00 -7.142277E-05  4.851655E-05  0.000000E+00 -1.979997E-03
  60 -2.229175E-04  0.000000E+00  0.000000E+00  1.374191E-06  0.000000E+00
  41
  41  7.799623E-01
  42  0.000000E+00  1.385379E-01
  43  6.579274E-02  0.000000E+00  4.023551E-01
  44 -7.856699E-02  0.000000E+00 -6.720883E-02  8.254460E-02
  45  0.000000E+00 -4.425255E-02  0.000000E+00  0.000000E+00  3.045808E-02
  46 -2.322626E-01  0.000000E+00 -1.502950E-02 -3.273024E-02  0.000000E+00
  47 -4.045693E-01  0.000000E+00  8.963152E-03  7.677554E-03  0.000000E+00
  48  0.000000E+00 -5.274774E-02  0.000000E+00  0.000000E+00  5.613618E-03
  49  7.405122E-03  0.000000E+00 -3.794564E-04 -2.148449E-03  0.000000E+00
  50  1.098696E-02  0.000000E+00 -2.031815E-03 -3.819139E-03  0.000000E+00
  51  0.000000E+00  4.682026E-03  0.000000E+00  0.000000E+00  1.381065E-02
  52 -2.800493E-02  0.000000E+00  1.891361E-03  3.730894E-06  0.000000E+00
  53 -1.632124E-02  0.000000E+00  3.033366E-04  1.929797E-03  0.000000E+00
  54  0.000000E+00  5.553455E-03  0.000000E+00  0.000000E+00 -9.134155E-03
  55 -5.038817E-03  0.000000E+00  1.224075E-03  2.279812E-03  0.000000E+00
  56 -4.555588E-02  0.000000E+00 -2.474602E-03  1.830344E-03  0.000000E+00
  57  0.000000E+00  3.842016E-03  0.000000E+00  0.000000E+00 -8.847230E-04
  58  2.288908E-03  0.000000E+00  1.045232E-04 -5.179073E-04  0.000000E+00
  59  1.437224E-03  0.000000E+00  4.383467E-04 -6.396754E-05  0.000000E+00
  60  0.000000E+00 -3.816154E-03  0.000000E+00  0.000000E+00 -5.730806E-05
  46
  46  8.674046E-01
  47  1.056130E-01  8.991036E-01
  48  0.000000E+00  0.000000E+00  1.142981E-01
  49 -4.046559E-01  4.991860E-02  0.000000E+00  4.185107E-01
  50  5.250017E-02 -7.772811E-02  0.000000E+00 -5.123793E-02  6.928329E-02
  51  0.000000E+00  0.000000E+00 -3.876124E-02  0.000000E+00  0.000000E+00
  52 -1.058486E-01  1.100932E-01  0.000000E+00 -1.799930E-03  2.966927E-02
  53  1.057969E-01 -3.767523E-01  0.000000E+00 -7.501717E-03  2.857118E-03
  54  0.000000E+00  0.000000E+00 -3.548511E-02  0.000000E+00  0.000000E+00
  55  8.967033E-04  7.249573E-03  0.000000E+00 -5.494950E-04  6.707797E-05
  56  6.981951E-03  3.065672E-03  0.000000E+00  2.045330E-04  1.698064E-06
  57  0.000000E+00  0.000000E+00  1.484125E-03  0.000000E+00  0.000000E+00
  58  2.149517E-04  2.224717E-04  0.000000E+00 -8.819607E-05  6.947347E-05
  59  2.653360E-04 -1.410352E-04  0.000000E+00  4.174592E-05  8.246819E-05
  60  0.000000E+00  0.000000E+00  1.186915E-04  0.000000E+00  0.000000E+00
  51
  51  2.554396E-02
  52  0.000000E+00  9.813604E-02
  53  0.000000E+00 -1.090849E-01  3.890294E-01
  54  2.089470E-03  0.000000E+00  0.000000E+00  2.535692E-02
  55  0.000000E+00  9.161647E-04  6.280789E-05  0.000000E+00  8.267432E-01
  56  0.000000E+00 -8.866072E-04 -3.636870E-04  0.000000E+00 -5.346135E-02
  57  3.696699E-05  0.000000E+00  0.000000E+00  4.352820E-05  0.000000E+00
  58  0.000000E+00  5.647985E-05 -2.025330E-04  0.000000E+00 -3.720518E-01
  59  0.000000E+00 -1.259958E-05  2.040862E-05  0.000000E+00  1.046837E-01
  60 -7.732186E-05  0.000000E+00  0.000000E+00  3.117461E-04  0.000000E+00
  56
  56  7.588163E-01
  57  0.000000E+00  1.416827E-01
  58  1.037030E-01  0.000000E+00  3.824220E-01
  59 -1.012736E-01  0.000000E+00 -1.084780E-01  1.027151E-01
  60  0.000000E+00 -3.996372E-02  0.000000E+00  0.000000E+00  2.882353E-02
&
