 2.069424358070593e-01  2.110961022370660e-01  2.430954670781408e-01  2.583787436713838e-01  2.770490016796150e-01
 4.803873029835148e-02 -3.533524872916705e-02  7.004590971225636e-09 -8.971238791928853e-01 -2.422150732458154e-07
 3.451675187729553e-01 -2.230704293849602e+00  2.014181142226016e-07 -5.224985694943444e-01 -5.308230445107010e-06
-5.828451162056071e-09  1.637218298766154e-08  4.575405527072037e-09 -2.119256603088745e-06 -1.119702062011010e-08
-8.183021119807609e-03  6.964419626054574e-03  3.977143000356298e-08  1.496605725461963e-01  5.989821720385885e-08
-4.856390271809748e-02  3.108697044638735e-01 -8.556493562571446e-08  7.769257224083810e-02  1.181650849770803e-06
 7.471007686410102e-10 -2.262104487135764e-09 -1.322294472666808e-09  2.192736292652606e-07  4.589188532243358e-09
-4.295401063050483e-11  1.861381744073894e-10  3.304504720199458e-12  5.632918627627883e-09  1.327501675266391e-10
-4.922230412272122e-11  3.526622971116318e-11 -4.898261765422479e-11  5.537989753558172e-09  1.542956199171376e-10
 4.118088466117331e-10  3.205274346056378e-09  4.820000463403851e-04 -3.404969857975230e-08  2.076742091160056e-03
