TITLE
Divinylbenzene singlepoint
GEOMETRY BOHR
        0.1245556     -2.6595773      0.0000000    6.00  c       
       -0.1245556      2.6595773      0.0000000    6.00  c       
       -2.1931523     -1.4019845      0.0000000    6.00  c       
        2.1931523      1.4019845      0.0000000    6.00  c       
       -2.3230130      1.2053807      0.0000000    6.00  c       
        2.3230130     -1.2053807      0.0000000    6.00  c       
       -3.9197760     -2.4984794      0.0000000    1.00  h       
        3.9197760      2.4984794      0.0000000    1.00  h       
       -4.1514004      2.1179676      0.0000000    1.00  h       
        4.1514004     -2.1179676      0.0000000    1.00  h       
       -0.1539450      5.4839684      0.0000000    6.00  c       
        0.1539450     -5.4839684      0.0000000    6.00  c       
        1.7067996      6.3420814      0.0000000    1.00  h       
       -1.7067996     -6.3420814      0.0000000    1.00  h       
       -2.1592939      6.9465435      0.0000000    6.00  c       
        2.1592939     -6.9465435      0.0000000    6.00  c       
       -4.0693928      6.2232705      0.0000000    1.00  h       
        4.0693928     -6.2232705      0.0000000    1.00  h       
       -1.9810862      8.9811300      0.0000000    1.00  h       
        1.9810862     -8.9811300      0.0000000    1.00  h     
END
BASIS STO3G
RUNTYPE RAMAN
SCFTYPE RHF
ENTER
