$grad          cartesian gradients
  cycle =      2    SCF energy =   -382.3457535093   |dE/dxyz| =  0.000108
   -2.69176330586423      0.44712611842551      0.00000000000000      c
   -1.69851644920583     -2.06488947516631      0.00000000000000      c
    0.92683848168964     -2.49592179431787      0.00000000000000      c
    2.69176330280878     -0.44712612188325      0.00000000000000      c
    1.69851644998183      2.06488946516770      0.00000000000000      c
   -3.00422546505870     -3.69235578042849      0.00000000000000      h
    1.65164861827904     -4.45456854875700      0.00000000000000      h
    3.00422541918067      3.69235580932195      0.00000000000000      h
    5.46170420209368     -1.01478224944823      0.00000000000000      c
    7.37290031698972      0.68855680921475      0.00000000000000      c
    7.04373607255878      2.74543890648752      0.00000000000000      h
    5.92883352832743     -3.05381618213138      0.00000000000000      h
    9.36352818425206      0.07445319894516      0.00000000000000      h
   -5.46170421826178      1.01478224912722      0.00000000000000      c
   -5.92883353561303      3.05381618607237      0.00000000000000      h
   -7.37290032535818     -0.68855681518149      0.00000000000000      c
   -7.04373605890882     -2.74543891242022      0.00000000000000      h
   -9.36352819739802     -0.07445322249069      0.00000000000000      h
   -0.92683849103028      2.49592178434310      0.00000000000000      c
   -1.65164852946274      4.45456857511964      0.00000000000000      h
  -.35932614107406D-04  0.51257394882951D-05  0.00000000000000D+00
  0.20234337738599D-04  0.13668863512482D-05  0.00000000000000D+00
  0.19463238427679D-04  0.73940868482818D-05  0.00000000000000D+00
  0.35936698808946D-04  -.51272848118102D-05  0.00000000000000D+00
  -.20228649292110D-04  -.13688470710853D-05  0.00000000000000D+00
  -.18441495300220D-04  -.19725041227149D-04  0.00000000000000D+00
  -.93320942442259D-05  -.11866194202549D-04  0.00000000000000D+00
  0.18439231852073D-04  0.19727506242094D-04  0.00000000000000D+00
  -.31960139192419D-04  0.16013127289355D-04  0.00000000000000D+00
  -.35205470399529D-05  -.25436813182915D-04  0.00000000000000D+00
  0.55833736642867D-05  0.20982544270237D-04  0.00000000000000D+00
  0.55940601448196D-05  -.23497600816233D-05  0.00000000000000D+00
  0.10814652576305D-04  0.99392160457073D-05  0.00000000000000D+00
  0.31955341810222D-04  -.16013369529402D-04  0.00000000000000D+00
  -.55938308699332D-05  0.23508000994523D-05  0.00000000000000D+00
  0.35202048108820D-05  0.25438808033083D-04  0.00000000000000D+00
  -.55825755681009D-05  -.20983784770323D-04  0.00000000000000D+00
  -.10814466892598D-04  -.99394019419438D-05  0.00000000000000D+00
  -.19472586025125D-04  -.73965842847692D-05  0.00000000000000D+00
  0.93378527903986D-05  0.11868373111530D-04  0.00000000000000D+00
  cycle =      5    SCF energy =   -382.3457536041   |dE/dxyz| =  0.000058
   -2.69165289342255      0.44722873824462      0.00000000000000      c
   -1.69859126971226     -2.06482661993157      0.00000000000000      c
    0.92671585406972     -2.49597890307248      0.00000000000000      c
    2.69165289342255     -0.44722873824462      0.00000000000000      c
    1.69859126971226      2.06482661993157      0.00000000000000      c
   -3.00432939728575     -3.69220055847043      0.00000000000000      h
    1.65160937942125     -4.45457797040391      0.00000000000000      h
    3.00432939728575      3.69220055847043      0.00000000000000      h
    5.46161802053810     -1.01491284120552      0.00000000000000      c
    7.37258765818323      0.68865496443378      0.00000000000000      c
    7.04310343445708      2.74545114260450      0.00000000000000      h
    5.92882903133590     -3.05391697471179      0.00000000000000      h
    9.36325638593643      0.07474106007312      0.00000000000000      h
   -5.46161802053810      1.01491284120552      0.00000000000000      c
   -5.92882903133590      3.05391697471179      0.00000000000000      h
   -7.37258765818323     -0.68865496443378      0.00000000000000      c
   -7.04310343445708     -2.74545114260450      0.00000000000000      h
   -9.36325638593643     -0.07474106007312      0.00000000000000      h
   -0.92671585406971      2.49597890307248      0.00000000000000      c
   -1.65160937942125      4.45457797040391      0.00000000000000      h
  -.55731745978171D-05  -.29357821692555D-05  0.00000000000000D+00
  0.65850519195554D-05  0.13134150999516D-04  0.00000000000000D+00
  0.14401133520581D-04  0.14030359231754D-04  0.00000000000000D+00
  0.55731745978171D-05  0.29357821696996D-05  0.00000000000000D+00
  -.65850519196664D-05  -.13134150999516D-04  0.00000000000000D+00
  -.59468812143582D-05  -.86132866987665D-05  0.00000000000000D+00
  -.13203190732392D-05  -.64679595555006D-05  0.00000000000000D+00
  0.59468812139141D-05  0.86132866992106D-05  0.00000000000000D+00
  -.21070683469349D-04  -.37444652350449D-05  0.00000000000000D+00
  -.10998778462668D-04  -.24603786998867D-05  0.00000000000000D+00
  0.58092559369893D-06  0.14112778094155D-04  0.00000000000000D+00
  0.39591275874523D-05  0.16025024096589D-06  0.00000000000000D+00
  0.75700023949299D-05  0.30032054778584D-05  0.00000000000000D+00
  0.21070683469349D-04  0.37444652353780D-05  0.00000000000000D+00
  -.39591275876744D-05  -.16025024096589D-06  0.00000000000000D+00
  0.10998778463112D-04  0.24603786994426D-05  0.00000000000000D+00
  -.58092559342138D-06  -.14112778094155D-04  0.00000000000000D+00
  -.75700023949299D-05  -.30032054781082D-05  0.00000000000000D+00
  -.14401133520137D-04  -.14030359232198D-04  0.00000000000000D+00
  0.13203190731281D-05  0.64679595555006D-05  0.00000000000000D+00
  cycle =      6    SCF energy =   -382.3457535368   |dE/dxyz| =  0.000034
   -2.69167928182792      0.44720006430224      0.00000000000000      c
   -1.69857482530405     -2.06484888833684      0.00000000000000      c
    0.92674068125607     -2.49596589873198      0.00000000000000      c
    2.69167928182792     -0.44720006430224      0.00000000000000      c
    1.69857482530405      2.06484888833684      0.00000000000000      c
   -3.00425673531274     -3.69222428288676      0.00000000000000      h
    1.65172961311231     -4.45451769485909      0.00000000000000      h
    3.00425673531274      3.69222428288676      0.00000000000000      h
    5.46168808236481     -1.01486446479504      0.00000000000000      c
    7.37271076239119      0.68863099951551      0.00000000000000      c
    7.04327874859304      2.74537071357217      0.00000000000000      h
    5.92878960617674     -3.05388358161958      0.00000000000000      h
    9.36333710825713      0.07462972185154      0.00000000000000      h
   -5.46168808236481      1.01486446479504      0.00000000000000      c
   -5.92878960617674      3.05388358161958      0.00000000000000      h
   -7.37271076239119     -0.68863099951551      0.00000000000000      c
   -7.04327874859304     -2.74537071357217      0.00000000000000      h
   -9.36333710825713     -0.07462972185153      0.00000000000000      h
   -0.92674068125607      2.49596589873198      0.00000000000000      c
   -1.65172961311231      4.45451769485909      0.00000000000000      h
  -.46042890042841D-05  0.30896336057351D-05  0.00000000000000D+00
  -.53796243987270D-07  -.13435447686616D-05  0.00000000000000D+00
  0.40662873435071D-05  0.24107526714889D-05  0.00000000000000D+00
  0.46042890042841D-05  -.30896336052910D-05  0.00000000000000D+00
  0.53796243876247D-07  0.13435447686616D-05  0.00000000000000D+00
  0.41720725874050D-05  0.22749545935952D-05  0.00000000000000D+00
  0.19263863297869D-05  0.66653832098140D-06  0.00000000000000D+00
  -.41720725878491D-05  -.22749545931511D-05  0.00000000000000D+00
  0.10887085561961D-05  0.28793393746784D-05  0.00000000000000D+00
  -.83645389654663D-05  0.15424135807240D-04  0.00000000000000D+00
  0.34442587386330D-05  -.11402796967541D-04  0.00000000000000D+00
  -.20979129225634D-05  0.44122657187895D-05  0.00000000000000D+00
  0.15585072339341D-05  0.32833969681872D-05  0.00000000000000D+00
  -.10887085561961D-05  -.28793393743454D-05  0.00000000000000D+00
  0.20979129223414D-05  -.44122657187895D-05  0.00000000000000D+00
  0.83645389659104D-05  -.15424135807685D-04  0.00000000000000D+00
  -.34442587383554D-05  0.11402796967541D-04  0.00000000000000D+00
  -.15585072339341D-05  -.32833969684370D-05  0.00000000000000D+00
  -.40662873430630D-05  -.24107526719330D-05  0.00000000000000D+00
  -.19263863298979D-05  -.66653832098140D-06  0.00000000000000D+00
$end
