$energy      SCF               SCFKIN            SCFPOT
     1 -381.8275066745      374.8887689755     -756.7162756500
     2 -381.8342363642      374.7264363711     -756.5606727353
     3 -381.8348445508      374.7257823573     -756.5606269081
     4 -381.8348643885      374.7290064507     -756.5638708392
     5 -381.8348706069      374.7304010105     -756.5652716174
     6 -381.8348734561      374.7312871305     -756.5661605866
     7 -381.8348740391      374.7308049963     -756.5656790355
     8 -381.8348742934      374.7305453132     -756.5654196066
     9 -381.8348744476      374.7307806677     -756.5656551153
    10 -381.8348744608      374.7308055272     -756.5656799880
    11 -381.8348744700      374.7308064530     -756.5656809230
    12 -381.8348744695      374.7307983955     -756.5656728650
    13 -381.8348745207      374.7307996857     -756.5656742065
    14 -381.8348745045      374.7308010102     -756.5656755147
    15 -381.8348744676      374.7308019928     -756.5656764604
    16 -381.8348744523      374.7308026744     -756.5656771267
    17 -381.8348744888      374.7307859380     -756.5656604268
$end
