# Electronic transition moments of , IRREP a   electric dipole (length) / electric dipole (velocity) / magnetic dipole
 -.52723670253101E+00   0.45772011645781E+00   0.11723967682465E-10   -.51000885191558E+00   0.44276377189916E+00   0.12003988652123E-10   0.34781027379618E-02   0.40063422286177E-02   -.10566881244409E-15
 -.14595787400198E-10   -.12993647900763E-10   0.16089155309387E-10   0.13586598873268E-11   0.14385194703630E+01   -.12488495031902E+01
 -.45771058665160E+00   -.52722573288461E+00   -.61401860739047E-11   -.44275453683355E+00   -.50999822154168E+00   -.63114495031191E-11   -.40063407926205E-02   0.34781014904504E-02   0.47533747241790E-16
 0.93709454248397E-11   0.85621828462817E-11   -.10802322332174E-10   -.90885164601499E-12   0.12488539097178E+01   0.14385245426642E+01
 -.24862382404054E-11   0.23518006962591E-11   0.23046179919946E-09   -.26148452321338E-11   0.24567645877719E-11   0.10757200699811E-09   -.20910886358514E-14   -.26261014357246E-14   0.10731354019067E-16
 -.41814482282758E-06   0.41812481832896E-06   0.52926722695160E-09   -.19162700069557E-06   0.17921217289414E-11   -.19386173449204E-11
 -.26016527930921E-12   -.33979181389948E-13   0.43138007448642E-06   -.16709203009454E-12   -.11349027093931E-12   0.39992946020533E-06   0.25463273173710E-14   0.58578617337998E-15   -.42551410834634E-16
 0.34463068788964E+00   -.34463099736050E+00   0.16427554212096E-06   -.22964116151500E-03   -.12100094211427E-12   -.46348847532780E-12
 -.14278132951481E-11   0.90907264468216E-12   0.94015397323725E-06   -.15243180584196E-11   0.83779258374396E-12   0.87163479494805E-06   -.22285943160074E-14   -.25662770244951E-14   0.23317317009458E-16
 -.22917567663702E-03   0.22850131747777E-03   0.35806420346599E-06   -.34464037546036E+00   0.37372637718192E-12   -.43722940378453E-12
 0.35698033962761E-11   0.10658520532749E-11   -.10643346192144E+00   0.36280114342575E-11   0.10894158746731E-11   -.10324645368011E+00   -.30864702681282E-14   0.72670967845068E-14   0.46434241396757E-17
 -.12257292510382E+01   -.12257290724429E+01   0.21391496237577E-01   0.19488438308306E-06   -.30456913954805E-11   -.94393910168990E-13
 0.26584895984034E-10   0.12298832622933E-11   0.82799459194237E+00   0.26974881988323E-10   0.12240894070929E-11   0.83755819598758E+00   0.18225132376609E-14   0.43276071984216E-13   0.57359525589647E-17
 -.54947991583733E+00   -.54947967993350E+00   -.27789247715854E+01   0.25768442963264E-06   -.33266439673265E-10   -.28354673682400E-11
 -.31575193177158E+00   0.27393332441009E+00   0.36626447080482E-10   -.32107215646804E+00   0.27854893213504E+00   0.37040123846348E-10   -.47703324834059E-03   -.54985701953036E-03   0.98917572448953E-18
 -.29383527077118E-10   -.30037050605680E-10   -.12418607265896E-09   0.85459736759154E-12   0.39139778235515E+00   -.33956056056553E+00
 -.27394670546863E+00   -.31576732407690E+00   0.34003522970970E-10   -.27856186336940E+00   -.32108703133791E+00   0.34509560169584E-10   0.54985398939406E-03   -.47703061413004E-03   -.68820010888106E-16
 -.31703059751270E-10   -.31099520227328E-10   -.11949184996591E-09   0.24132512838836E-12   0.33955461194896E+00   0.39139093962510E+00
 -.35539406059361E+00   0.30864058263741E+00   -.36930396387900E-12   -.34221073804520E+00   0.29719157770304E+00   -.39938236586362E-12   0.81236855318632E-04   0.93542772757439E-04   0.39430580313636E-15
 -.15337656066852E-11   -.12808555700668E-11   -.16248792526979E-11   0.70098599796050E-12   -.15524582963037E+00   0.13482263385551E+00
