$energy      SCF               SCFKIN            SCFPOT
     1 -382.3082360434      375.8447970156     -758.1530330590
     2 -382.3082361612      375.8448041583     -758.1530403196
     3 -382.3082430309      375.8469248235     -758.1551678545
     4 -382.3082520362      375.8479624191     -758.1562144553
     5 -382.3082541467      375.8469851594     -758.1552393062
     6 -382.3082560887      375.8482277121     -758.1564838008
     7 -382.3082569258      375.8484991548     -758.1567560806
     8 -382.3082577450      375.8485709797     -758.1568287247
$end
