$grad          cartesian gradients
  cycle =      2    SCF energy =     -382.3082361612   |dE/dxyz| =  0.003458
   -2.67444118799251      0.43505612422997      0.00000000000000      c
    2.67444118799251     -0.43505612422997      0.00000000000000      c
   -0.93566606377340      2.48397105178131      0.00000000000000      c
    0.93566606377340     -2.48397105178131      0.00000000000000      c
    1.68073951251575      2.06159554226995      0.00000000000000      c
   -1.68073951251575     -2.06159554226995      0.00000000000000      c
   -1.66211088501634      4.42901609660195      0.00000000000000      h
    1.66211088501634     -4.42901609660195      0.00000000000000      h
    2.98180671821515      3.67552890775946      0.00000000000000      h
   -2.98180671821515     -3.67552890775946      0.00000000000000      h
    5.45107470498591     -0.98471621479778      0.00000000000000      c
   -5.45107470498591      0.98471621479778      0.00000000000000      c
    5.93437440241893     -3.00836948881794      0.00000000000000      h
   -5.93437440241893      3.00836948881794      0.00000000000000      h
    7.33221829533896      0.72235450846139      0.00000000000000      c
   -7.33221829533896     -0.72235450846139      0.00000000000000      c
    6.98192689674697      2.76360911479292      0.00000000000000      h
   -6.98192689674697     -2.76360911479292      0.00000000000000      h
    9.31945910471170      0.13436889031835      0.00000000000000      h
   -9.31945910471170     -0.13436889031835      0.00000000000000      h
  0.65301161056857D-03  0.20274378162225D-03  0.79613965281217D-12
  -.65301161215275D-03  -.20274378099926D-03  -.12500432694665D-11
  -.12360139262572D-02  0.31665892216320D-03  0.29787266386248D-12
  0.12360139255043D-02  -.31665892078612D-03  0.47840424507977D-12
  -.16814565867801D-03  0.13185988367058D-02  0.46338394321107D-12
  0.16814565758361D-03  -.13185988365063D-02  -.75033729071208D-12
  0.12618060709559D-03  0.16683352146518D-03  0.42059065368151D-13
  -.12618060671947D-03  -.16683352151839D-03  -.92196825052276D-13
  0.29962624457136D-03  -.76259135319651D-03  -.24532358160462D-12
  -.29962624462868D-03  0.76259135361420D-03  0.00000000000000D+00
  -.54220497090371D-03  0.53065942012348D-03  0.34665415639144D-12
  0.54220497013364D-03  -.53065942042572D-03  -.27902070540725D-12
  0.57434813719898D-03  -.31774456649103D-03  -.36577315385359D-13
  -.57434813759421D-03  0.31774456673272D-03  -.82266883976267D-13
  -.24542569088445D-04  -.20386772236888D-03  0.15868488879011D-12
  0.24542567973185D-04  0.20386772053597D-03  -.39044458652574D-12
  -.39520890618157D-03  -.10862195307101D-03  -.17081841868531D-12
  0.39520890613337D-03  0.10862195371572D-03  0.93954250674913D-13
  0.41195295015772D-03  -.12522501952061D-03  -.18441255538782D-12
  -.41195295072488D-03  0.12522501919068D-03  0.45550697971057D-12
  cycle =      3    SCF energy =     -382.3082430309   |dE/dxyz| =  0.004007
   -2.67574755666579      0.43464851305616     -0.00000000000157      c
    2.67574755666775     -0.43464851305721      0.00000000000241      c
   -0.93319600829143      2.48333699098172     -0.00000000000055      c
    0.93319600829173     -2.48333699098427     -0.00000000000107      c
    1.68107416684520      2.05895967916939     -0.00000000000094      c
   -1.68107416684421     -2.05895967916960      0.00000000000144      c
   -1.66236676304274      4.42868110977822      0.00000000000002      h
    1.66236676304078     -4.42868110977791      0.00000000000001      h
    2.98120454721203      3.67705645813684      0.00000000000050      h
   -2.98120454721312     -3.67705645813748     -0.00000000000008      h
    5.45215989683022     -0.98577320527190     -0.00000000000084      c
   -5.45215989682988      0.98577320527271      0.00000000000064      c
    5.93322809490670     -3.00772928756002     -0.00000000000013      h
   -5.93322809490711      3.00772928755973      0.00000000000030      h
    7.33226680689887      0.72276806597367     -0.00000000000045      c
   -7.33226680689784     -0.72276806596980      0.00000000000085      c
    6.98271512014526      2.76383190262156      0.00000000000026      h
   -6.98271512014636     -2.76383190262265     -0.00000000000018      h
    9.31863509211664      0.13462674037168      0.00000000000019      h
   -9.31863509211671     -0.13462674037082     -0.00000000000080      h
  0.38449078846432D-04  -.14460889920682D-02  -.14578981628138D-10
  -.38449078189416D-04  0.14460889915326D-02  0.23206917034163D-10
  0.90524541888124D-03  0.48576018154707D-03  0.53418506079267D-11
  -.90524542146181D-03  -.48576018299115D-03  -.20439156154397D-10
  -.14004930628434D-02  -.96222643877265D-03  -.12513923583418D-10
  0.14004930623785D-02  0.96222643969756D-03  0.18517041276158D-10
  -.29126428287421D-03  0.54851007597750D-03  -.41683853858783D-12
  0.29126428206261D-03  -.54851007457127D-03  0.13682817510236D-11
  0.81349596721264D-03  0.18562107748604D-03  0.15970906331074D-11
  -.81349596817970D-03  -.18562107852163D-03  -.16257066126543D-11
  -.72655736047256D-04  -.65825354008524D-03  -.69036979050216D-11
  0.72655733754173D-04  0.65825353937103D-03  0.23185059014413D-11
  0.24250821308661D-03  0.48458412145516D-03  0.47659534626244D-12
  -.24250821334612D-03  -.48458412214278D-03  -.59737204811903D-12
  0.13838969122353D-03  0.17618134078717D-03  0.13068978398073D-11
  -.13838969102789D-03  -.17618133786219D-03  0.28432587528847D-11
  -.27582916342583D-03  -.20636450327363D-03  0.94883480792889D-12
  0.27582916327076D-03  0.20636450165892D-03  -.11825274389719D-11
  0.51656740843620D-04  -.75132016829876D-04  -.13291156075704D-12
  -.51656742304312D-04  0.75132016740059D-04  -.57599958618116D-12
  cycle =      4    SCF energy =     -382.3082520362   |dE/dxyz| =  0.001532
   -2.67661383129316      0.43648024517679      0.00000000001839      c
    2.67661383129422     -0.43648024517785     -0.00000000002963      c
   -0.93297020578119      2.48224244656001     -0.00000000000872      c
    0.93297020578423     -2.48224244656219      0.00000000002773      c
    1.68330099693532      2.05871281523241      0.00000000001642      c
   -1.68330099693422     -2.05871281523421     -0.00000000002442      c
   -1.66210743795786      4.42768129670310      0.00000000000047      h
    1.66210743795468     -4.42768129670475     -0.00000000000194      h
    2.97965579606338      3.67773793896381     -0.00000000000163      h
   -2.97965579606492     -3.67773793896348      0.00000000000220      h
    5.45293852254961     -0.98547709466566      0.00000000000856      c
   -5.45293852254692      0.98547709466788     -0.00000000000242      c
    5.93216837530206     -3.00802829771411     -0.00000000000089      h
   -5.93216837530352      3.00802829771451      0.00000000000119      h
    7.33209695985235      0.72277391235135     -0.00000000000268      c
   -7.33209695985214     -0.72277391234943     -0.00000000000281      c
    6.98360081956487      2.76427101088478     -0.00000000000105      h
   -6.98360081956760     -2.76427101088435      0.00000000000137      h
    9.31804921061194      0.13489938096051      0.00000000000046      h
   -9.31804921061111     -0.13489938095911     -0.00000000000057      h
  0.48410021853372D-04  0.32264005476947D-04  0.81168770922225D-10
  -.48410020703001D-04  -.32264005074119D-04  -.36335998253764D-10
  -.50132202639861D-04  -.15516652592963D-03  -.46902366976569D-10
  0.50132204556966D-04  0.15516652422224D-03  -.36526153604397D-10
  0.18088658854035D-03  -.14383855998689D-03  0.27827780606297D-10
  -.18088658958929D-03  0.14383855812689D-03  -.11443467864380D-10
  -.37246557485433D-03  0.53530025954268D-03  0.20051139756527D-10
  0.37246557476095D-03  -.53530025919318D-03  -.31619094941008D-10
  0.26229874498113D-03  -.18404833579774D-03  -.24105453289628D-10
  -.26229874528774D-03  0.18404833516888D-03  0.29647036758523D-10
  0.40936398237490D-03  0.10825184317986D-03  0.91958856119488D-10
  -.40936398051128D-03  -.10825184154974D-03  -.43322778237634D-10
  0.50767983849405D-04  0.40721202575056D-03  -.84482060957095D-11
  -.50767983929674D-04  -.40721202631777D-03  0.40766843945304D-11
  -.17245524922310D-03  -.32995975209933D-03  -.24087065599471D-10
  0.17245524893748D-03  0.32995975121589D-03  0.87413831212360D-12
  -.20722400261820D-03  -.89354228423599D-04  -.36859726485420D-11
  0.20722400288606D-03  0.89354228130556D-04  0.47580296922496D-11
  -.15671617683796D-03  0.83857732275580D-05  0.83346194601301D-11
  0.15671617699883D-03  -.83857731954448D-05  -.28174767221942D-11
  cycle =      5    SCF energy =     -382.3082541467   |dE/dxyz| =  0.001605
   -2.67699781534520      0.43688506685769     -0.00000000013750      c
    2.67699781534453     -0.43688506686028      0.00000000003420      c
   -0.93270462403703      2.48222969285015      0.00000000008179      c
    0.93270462403772     -2.48222969284967      0.00000000010771      c
    1.68354963025729      2.05881792209671     -0.00000000003387      c
   -1.68354963025334     -2.05881792209596     -0.00000000000893      c
   -1.66131486802870      4.42633930522299     -0.00000000003933      h
    1.66131486802599     -4.42633930522654      0.00000000006025      h
    2.97869507701094      3.67835249825758      0.00000000004598      h
   -2.97869507701134     -3.67835249825647     -0.00000000005644      h
    5.45238349912011     -0.98565511512923     -0.00000000017033      c
   -5.45238349911976      0.98565511512794      0.00000000008174      c
    5.93173735164893     -3.00888251404690      0.00000000001638      h
   -5.93173735164982      3.00888251404789     -0.00000000000750      h
    7.33239479158165      0.72345149204606      0.00000000004541      c
   -7.33239479158035     -0.72345149204345     -0.00000000000661      c
    6.98427977048373      2.76457914233644      0.00000000000691      h
   -6.98427977048677     -2.76457914233577     -0.00000000000876      h
    9.31816731977187      0.13497265232082     -0.00000000001467      h
   -9.31816731977042     -0.13497265232000      0.00000000000363      h
  -.33545551409854D-03  0.35876099079453D-03  0.27302690005797D-09
  0.33545551159810D-03  -.35876099195953D-03  0.20354209418544D-10
  -.17629784000474D-03  0.40232971802533D-03  -.21114144060059D-09
  0.17629783914465D-03  -.40232971582328D-03  -.24564864646339D-09
  0.30812728138026D-03  0.16691426651502D-03  0.73248917068964D-10
  -.30812727731751D-03  -.16691426247404D-03  0.10209307425208D-09
  -.17973196247208D-03  -.21094856738069D-04  -.23494829652809D-11
  0.17973196377180D-03  0.21094856452686D-04  -.20899280780026D-10
  0.98379110503616D-04  -.25866041723149D-03  0.14548592457896D-11
  -.98379111704877D-04  0.25866041711597D-03  0.10512405301999D-11
  -.44326142808492D-03  -.93598243936718D-04  0.26245057874782D-09
  0.44326142758691D-03  0.93598241931503D-04  -.13697852109304D-09
  0.66075265971272D-04  0.12046917765915D-03  0.91379270565712D-11
  -.66075265501245D-04  -.12046917632269D-03  -.39858201511983D-11
  0.33390483387999D-03  0.42262017520682D-03  -.17119796431320D-09
  -.33390483134844D-03  -.42262017322477D-03  0.91082499659995D-10
  -.15031858102001D-03  -.24512997109091D-03  -.15843682100785D-10
  0.15031858104936D-03  0.24512997104922D-03  -.22188887625181D-10
  -.15953859894063D-03  -.20383425383408D-05  -.20031472250917D-11
  0.15953859840626D-03  0.20383426895601D-05  -.96129675203888D-12
  cycle =      6    SCF energy =     -382.3082560887   |dE/dxyz| =  0.001207
   -2.67673798287786      0.43673606027502     -0.00000000072028      c
    2.67673798288043     -0.43673606027574      0.00000000004593      c
   -0.93227956744458      2.48148068388986      0.00000000049878      c
    0.93227956744557     -2.48148068388989      0.00000000060136      c
    1.68336559234269      2.05870109478240     -0.00000000020872      c
   -1.68336559234299     -2.05870109478561     -0.00000000015971      c
   -1.66036789430620      4.42527270255801     -0.00000000008709      h
    1.66036789430211     -4.42527270256166      0.00000000016493      h
    2.97769088070942      3.67926139759096      0.00000000005786      h
   -2.97769088070640     -3.67926139758791     -0.00000000008103      h
    5.45272089423797     -0.98556852727743     -0.00000000075596      c
   -5.45272089423796      0.98556852727793      0.00000000038108      c
    5.93125996898452     -3.00979344056635      0.00000000002286      h
   -5.93125996898536      3.00979344056663     -0.00000000001596      h
    7.33204382079461      0.72324812233155      0.00000000036138      c
   -7.33204382079639     -0.72324812233103     -0.00000000015230      c
    6.98509435167449      2.76526257455332      0.00000000001750      h
   -6.98509435167742     -2.76526257455120      0.00000000004376      h
    9.31851976044865      0.13504847598469     -0.00000000003457      h
   -9.31851976044527     -0.13504847598353      0.00000000002026      h
  -.18029619347881D-04  0.39628503998207D-03  0.17361194242161D-08
  0.18029620493694D-04  -.39628503987124D-03  0.16840998574618D-09
  0.55339069557032D-04  0.31215067989249D-03  -.13672795402796D-08
  -.55339067924102D-04  -.31215068039787D-03  -.13420396204889D-08
  -.91746240558702D-05  0.26518936559174D-04  0.57356912705049D-09
  0.91746214904015D-05  -.26518941943075D-04  0.38722914350748D-09
  -.77543991550105D-04  -.21125157664795D-03  -.28420226960581D-10
  0.77543992212881D-04  0.21125157405755D-03  -.24640173285012D-10
  0.11596148897788D-03  -.12340957602913D-03  0.13849029281901D-10
  -.11596148757612D-03  0.12340957652671D-03  -.20553022348033D-10
  0.77632384759843D-04  0.47028474005729D-03  0.13876412561679D-08
  -.77632385467444D-04  -.47028473897529D-03  -.76471569252241D-09
  0.75864408986347D-04  -.20812045173116D-03  0.36639160970804D-10
  -.75864408771116D-04  0.20812045168075D-03  -.20530039957088D-10
  -.29856665748715D-03  -.67566502728281D-04  -.10533783335237D-08
  0.29856665503494D-03  0.67566501602612D-04  0.33917021766183D-09
  -.10893006267870D-03  0.41387623862493D-04  -.17142970724483D-10
  0.10893006292038D-03  -.41387623189754D-04  0.12701440221997D-10
  0.74225353643709D-04  -.30425779436176D-04  -.17445158948196D-10
  -.74225352313134D-04  0.30425779063363D-04  0.38214686765578D-12
  cycle =      7    SCF energy =     -382.3082569258   |dE/dxyz| =  0.000984
   -2.67652894420200      0.43607722461883     -0.00000000457775      c
    2.67652894420445     -0.43607722461994     -0.00000000029135      c
   -0.93225431393626      2.48026399160818      0.00000000343047      c
    0.93225431393470     -2.48026399160889      0.00000000370361      c
    1.68348906335618      2.05872603688425     -0.00000000155739      c
   -1.68348906335416     -2.05872603688113     -0.00000000095325      c
   -1.65953359130455      4.42489187284371     -0.00000000020885      h
    1.65953359129837     -4.42489187284401      0.00000000043091      h
    2.97664732402084      3.68009263270043     -0.00000000011652      h
   -2.97664732401810     -3.68009263269844      0.00000000009813      h
    5.45281717699955     -0.98633364840611     -0.00000000392875      c
   -5.45281717699790      0.98633364840429      0.00000000211611      c
    5.93074900644674     -3.01006218042350      0.00000000001810      h
   -5.93074900644790      3.01006218042196     -0.00000000004493      h
    7.33237393377605      0.72321329858828      0.00000000260064      c
   -7.33237393377502     -0.72321329858897     -0.00000000084987      c
    6.98590305527698      2.76568205605530     -0.00000000009187      h
   -6.98590305528024     -2.76568205605481      0.00000000020493      h
    9.31859987762139      0.13518078600681     -0.00000000008641      h
   -9.31859987761908     -0.13518078600619      0.00000000010412      h
  0.45106833743996D-03  0.14843081274543D-03  0.10919291350106D-07
  -.45106833732817D-03  -.14843081410739D-03  0.22072237682249D-08
  -.15548318585405D-04  -.23869476044604D-03  -.93335258627944D-08
  0.15548315607194D-04  0.23869475847295D-03  -.84174064255666D-08
  0.11369571207711D-03  -.14105374685117D-03  0.39549473318333D-08
  -.11369571139916D-03  0.14105374608753D-03  0.19973620009223D-08
  -.64963828163900D-04  0.19348561249299D-05  -.18132693444651D-09
  0.64963827192510D-04  -.19348575365785D-05  -.17849503879552D-09
  0.57348136365321D-04  -.11473650914615D-03  0.76092380829895D-10
  -.57348136336982D-04  0.11473650884292D-03  0.56898621187380D-10
  0.10383133191558D-04  -.27919613969872D-03  0.76794516510941D-08
  -.10383133467282D-04  0.27919614048161D-03  -.44303071578007D-08
  0.65807497881890D-05  0.12731179659081D-04  0.18446508149599D-09
  -.65807502914114D-05  -.12731179095976D-04  -.11394101602784D-09
  0.79472246715298D-04  0.11230095874659D-03  -.60807895175058D-08
  -.79472246159507D-04  -.11230096013493D-03  0.18269503735194D-08
  -.72282295587034D-04  0.20838294504122D-03  -.12152604021925D-09
  0.72282295895516D-04  -.20838294422396D-03  0.79187762881978D-10
  -.45304686745185D-04  0.21674325162278D-04  -.12115914402270D-09
  0.45304686996400D-04  -.21674325486810D-04  -.43053300382319D-11
$end
