# Electronic transition moments of , IRREP a   electric dipole (length) / electric dipole (velocity) / magnetic dipole
 0.78667221580973E+00   0.84986072652496E+00   -.48245286489656E-12   0.80274621968145E+00   0.86722585565252E+00   -.52913149765605E-12   0.29570843515514E-02   -.27372203780767E-02   0.23789454930592E-17
 0.13361869627519E-12   0.44721912626496E-12   -.61726259465927E-14   -.75943431389660E-13   -.17005184525622E+01   -.18371105760688E+01
 0.84986072652412E+00   -.78667221580877E+00   -.33256756191266E-12   0.86722585565165E+00   -.80274621968053E+00   -.29885547688152E-12   -.27372203780796E-02   -.29570843515546E-02   -.15836373909985E-17
 0.23049299247566E-12   0.13715863048954E-12   0.68668441556425E-12   -.69839798053193E-15   -.18371105760668E+01   0.17005184525602E+01
 -.17150895736972E-12   -.40194511914920E-12   -.22129275062423E+01   -.22872621054464E-12   -.21119238413894E-12   -.23190145225220E+01   0.21973010691985E-15   0.78385771052541E-15   0.14260685065282E-16
 0.11233331815898E+01   0.11233331815897E+01   0.20292472101168E+00   -.27890068006877E-13   0.53447828696918E-12   0.13607644796825E-12
 0.14374603884871E-12   0.89902078731902E-13   0.35960585087868E-12   0.14927415367933E-12   0.99409742042834E-13   0.40663746389487E-12   0.84440286257145E-15   -.67745861091897E-15   0.33458028194126E-16
 0.51378624188992E+00   -.51378624189091E+00   -.59126364526002E-12   0.39112259038796E-01   -.26867514503786E-12   -.41165998055149E-12
 0.17405050637961E-14   0.75618083943608E-14   -.23387296129591E-13   0.53776962693828E-14   0.23797877584640E-14   -.65315041302201E-14   0.24734953757626E-16   -.27225811853771E-16   -.73891494849445E-17
 -.39112259038737E-01   0.39112259038750E-01   -.62825123403497E-14   0.51378624189000E+00   -.10685407897816E-13   -.11603930522871E-13
 -.10497790214692E-13   0.10240287273814E-12   0.82336986679416E-12   -.15559092976061E-13   0.11185409526621E-12   0.85403540896783E-12   -.20775362929961E-15   0.95601938570548E-16   -.64765752305563E-16
 -.33983102076740E-12   -.81258605612165E-12   -.13653625204602E-11   0.47891964214903E-13   -.16572971954770E-13   0.88278318982646E-13
 -.66810362253301E-14   0.15231707542699E-12   -.22784173513813E+00   0.24899971488202E-13   0.59221980977815E-14   -.22985056621273E+00   -.52299440628786E-15   0.39605121359385E-15   0.14426813015203E-17
 0.18064922948819E+01   0.18064922948818E+01   0.22465567262963E+01   0.51068249920654E-14   0.88601022177436E-13   0.14151622706046E-12
 -.19597575473674E-12   -.59894159293046E-12   -.95202520483429E+00   -.14001212348027E-12   -.58227573727195E-12   -.96307721630736E+00   -.64468180356081E-14   0.21324263625493E-14   0.12212264019730E-17
 -.44835496017941E+00   -.44835496017944E+00   0.27994059448222E+01   -.10321572980926E-13   0.80670342981061E-12   0.15850781627816E-11
 0.15052426806104E-01   -.14976448097356E+00   -.67612800917569E-12   0.12831597387762E-01   -.12766828549191E+00   -.43596261175659E-11   -.15866277546038E-02   -.15946770548570E-03   0.15756171960881E-18
 -.34685934573338E-11   -.34265657860683E-11   -.38038116300682E-10   -.24507988294769E-14   -.48117582867867E-01   0.47874704304223E+00
 -.14976448097329E+00   -.15052426807164E-01   0.14782551564655E-12   -.12766828549160E+00   -.12831597388905E-01   0.31172992442914E-12   -.15946770548247E-03   0.15866277546051E-02   -.44227111277803E-18
 -.92363138553872E-12   -.92118742599628E-12   -.63810242617244E-11   0.49899509218877E-15   0.47874704304088E+00   0.48117582869339E-01
