$grad          cartesian gradients
  cycle =      1    SCF energy =     -381.8275066745   |dE/dxyz| =  0.118620
    0.00000000000000      0.00000000000000      0.00000000000000      c
    0.00000000000000      0.00000000000000      2.68530063036900      c
   -1.80090886751700      0.00000000000000      3.71520129437400      h
    2.27523009075600      0.00000000000000      4.04401361646000      c
    2.22987666702000      0.00000000000000      6.12082247837100      h
    4.65250538491800      0.00000000000000      2.79112528575300      c
    4.65250538491800      0.00000000000000      0.10582465538400      c
    6.45341425243500      0.00000000000000     -0.92407600862100      h
    7.02600122710200      0.00000000000000      4.33503141876600      c
    6.71419643891700      0.00000000000000      6.39105329479800      h
    9.40705597324200      0.00000000000000      3.45063965591400      c
    9.84736212867900      0.00000000000000      1.42674312169500      h
   11.03033059779300      0.00000000000000      4.73754305442300      h
   -2.37160611619500      0.00000000000000     -1.54390613301300      c
   -2.06169105399900      0.00000000000000     -3.59992800904500      h
   -4.75455058832400      0.00000000000000     -0.65951437016100      c
   -5.19485674376100      0.00000000000000      1.36438216405800      h
   -6.37782521287500      0.00000000000000     -1.94641776867000      h
    2.37727529416200      0.00000000000000     -1.25288833070700      c
    2.42262871789800      0.00000000000000     -3.32969719261800      h
  0.33965092117097D-01  0.75705918189636D-12  0.18229489233372D-01
  -.78740312950644D-02  -.14566760053668D-11  -.31376303576214D-01
  0.93192070194006D-03  -.50252426539120D-13  -.16177966735881D-02
  0.31555701343701D-01  -.43715436299540D-12  -.87684565189701D-02
  0.48692160013515D-03  0.88729563622436D-12  -.14213651833236D-02
  -.34255175256638D-01  -.12173259069710D-12  -.18248575089025D-01
  0.78990490138123D-02  -.13756558466788D-12  0.31361094875833D-01
  -.93073315385466D-03  0.13998807099987D-12  0.16070997189915D-02
  0.49791352759855D-01  0.50037384431287D-12  -.61600362779524D-02
  0.51437799117409D-03  0.15764798528935D-12  -.18639613448714D-02
  -.26434509488402D-01  -.38938060484656D-13  0.15428090985596D-01
  -.15870549622166D-02  -.20610538920307D-12  0.46165806405290D-02
  -.34548260876814D-02  0.37759536945752D-12  -.36300224913906D-02
  -.48465725413080D-01  0.18968066763883D-11  0.58617384361245D-02
  -.63107112460317D-03  -.37421486704896D-12  0.19577246854926D-02
  0.25527610934320D-01  -.18254444314600D-11  -.15158572758580D-01
  0.15975833223224D-02  0.54457614267216D-12  -.46686112430225D-02
  0.34671163661186D-02  -.34504204634938D-12  0.36921233105706D-02
  -.31617466934151D-01  -.84348147645922D-12  0.87635417313807D-02
  -.48625422558726D-03  0.47538443422423D-13  0.13962512847461D-02
  cycle =      2    SCF energy =     -381.8342363642   |dE/dxyz| =  0.026722
   -0.00139128478005     -0.00000000000278     -0.01018026890746      c
   -0.01143134115468      0.00000000000549      2.72174627749968      c
   -1.81654741850943      0.00000000000209      3.74271777945475      h
    2.23738502894507      0.00000000000295      4.07198432395862      c
    2.20228457017352     -0.00000000000572      6.14783256279897      h
    4.65374181336763      0.00000000000165      2.80134682033763      c
    4.66387014010397      0.00000000000200      0.06945952321664      c
    6.46903214957389     -0.00000000000088     -0.95143937889234      h
    6.98283277688821     -0.00000000000121      4.34125020538506      c
    6.68438285807433     -0.00000000000134      6.40181610366233      h
    9.42376299313898      0.00000000000092      3.42920392351987      c
    9.86524631941625      0.00000000000412      1.39728910105252      h
   11.04583539689625     -0.00000000000195      4.73809919226426      h
   -2.32951337272476     -0.00000000000837     -1.54995362281268      c
   -2.03198283449392     -0.00000000000355     -3.61073050085921      h
   -4.77059777968892      0.00000000000671     -0.63827658172010      c
   -5.21237462670667     -0.00000000000489      1.39377603664094      h
   -6.39284028010040      0.00000000000498     -1.94727483204797      h
    2.41507661054574      0.00000000000158     -1.28081517455793      c
    2.45017185620398     -0.00000000000180     -3.35659863246357      h
  0.13088257133839D-01  -.20897171136894D-10  0.50389469157815D-02
  -.69888343617452D-03  0.36928935664886D-10  -.49137654026270D-02
  0.16863853493789D-02  -.50371165444614D-11  -.87659977874613D-03
  0.58758573949906D-02  0.17024946235388D-11  -.19490478923151D-02
  0.94882214411340D-04  -.74433575621369D-11  -.19246191808099D-02
  -.13357831072215D-01  0.24293626375411D-11  -.51166758234383D-02
  0.69482617280859D-03  0.75594423960657D-11  0.48972691508825D-02
  -.16728117300362D-02  -.27782661992712D-11  0.87370380403275D-03
  0.71253757397925D-02  -.15409735529591D-10  0.48144955754251D-02
  -.34366282437261D-03  -.19739961339055D-11  -.75584278707489D-03
  0.35824894805453D-02  0.92372341060408D-11  -.42202804890348D-03
  -.31396855465487D-03  0.35322448652202D-11  0.12812964682797D-02
  0.43814053338485D-03  -.32602098022007D-11  -.12268691205578D-03
  -.68783848853473D-02  -.79689951838270D-10  -.46070993385859D-02
  0.27606262403846D-03  0.38410586734768D-11  0.72651685084202D-03
  -.33944041672989D-02  0.72791033869826D-10  0.31848959830096D-03
  0.29721239181919D-03  -.88726106529572D-11  -.12110113523941D-02
  -.50900637317636D-03  0.32479145391176D-12  0.87329739024448D-04
  -.58994157738299D-02  0.14890809233069D-10  0.18989435841662D-02
  -.91167520347216D-04  -.55355258480969D-11  0.19624199249883D-02
  cycle =      3    SCF energy =     -381.8348445508   |dE/dxyz| =  0.004511
   -0.00405503610257      0.00000000118157     -0.00992766545546      c
   -0.01781259379259      0.00000000088336      2.73655549214394      c
   -1.82719620840165      0.00000000138814      3.76105181780734      h
    2.22713064522737      0.00000000091075      4.08287507354008      c
    2.19607414329900      0.00000000129305      6.16495457393589      h
    4.65673168551263      0.00000000055828      2.80104707757699      c
    4.67057537833479      0.00000000049083      0.05461737807894      c
    6.47989664040342      0.00000000039376     -0.96989500043522      h
    6.95746962820018      0.00000000048863      4.33284370176732      c
    6.66896595034056      0.00000000138232      6.39723110299525      h
    9.39290796276874     -0.00000000155661      3.41734124373158      c
    9.84155172777513     -0.00000000326831      1.38307983358797      h
   11.00988840694048     -0.00000000166501      4.73184943041679      h
   -2.30464716689867      0.00000000140869     -1.54170773850040      c
   -2.01633069965977      0.00000000231075     -3.60614818278171      h
   -4.74030766195670     -0.00000000215048     -0.62621954539024      c
   -5.18895313640427     -0.00000000341644      1.40799091083159      h
   -6.35725449957210     -0.00000000275476     -1.94065304771932      h
    2.42567060422265      0.00000000097645     -1.29174153616891      c
    2.45663780493233      0.00000000114505     -3.37389206243241      h
  0.60690848998745D-03  -.49486479248301D-09  -.60971158424651D-03
  0.14266655284506D-02  0.24861061820709D-09  0.43448870343188D-03
  -.14956549351094D-03  0.75291120508798D-11  0.67423112661511D-03
  -.37314086053042D-03  -.44823459163574D-09  -.86248654700883D-03
  -.30022557727282D-03  0.66581858978786D-11  0.65123781294134D-03
  -.66369230367781D-03  0.24923552793670D-09  0.59883315491775D-03
  -.13969459486158D-02  0.11106225308324D-08  -.41458792814850D-03
  0.12659000752142D-03  0.29138259494067D-11  -.66968959363435D-03
  0.18097982629794D-02  -.35230420027666D-08  -.73561464305531D-03
  -.21635452814363D-03  -.97568942472057D-11  0.45460454016090D-03
  -.73542284204894D-03  0.36718168487869D-08  0.80519368573500D-03
  0.25638663337319D-03  -.79059987570731D-11  -.44180770234877D-03
  -.10899542697465D-03  0.29380493691603D-11  0.21154110412432D-03
  -.17103674879938D-02  -.57928654858733D-08  0.72890312982965D-03
  0.20765684637997D-03  -.17166321060842D-10  -.46902593806307D-03
  0.63277865030199D-03  0.57498354494447D-08  -.79041708778970D-03
  -.25378215213224D-03  0.17412407349397D-10  0.42073676078519D-03
  0.12773506555745D-03  0.83237307607080D-11  -.18579521167840D-03
  0.42166195017730D-03  -.78181875611456D-09  0.88343055331048D-03
  0.29228891002516D-03  -.34020033321541D-12  -.68407152423955D-03
  cycle =      4    SCF energy =     -381.8348643885   |dE/dxyz| =  0.001276
   -0.00378506411997      0.00000013715932     -0.01042903003342      c
   -0.02032196351607      0.00000013748957      2.73504318145682      c
   -1.83055044473448      0.00000016619853      3.75490879564872      h
    2.22552247730666      0.00000014347938      4.08275466163235      c
    2.19654465784226      0.00000015978449      6.16296604286834      h
    4.65644477621334      0.00000010388861      2.80156385297156      c
    4.67302219904333      0.00000009949873      0.05610790673852      c
    6.48327404584414      0.00000009157950     -0.96376551213602      h
    6.95393767686129      0.00000008010082      4.33369298721450      c
    6.66807213816269      0.00000017424313      6.39696137566766      h
    9.39034826090089     -0.00000022617784      3.41542077741567      c
    9.83657257209693     -0.00000039905610      1.38234035870074      h
   11.01002677059310     -0.00000028373719      4.72631867280019      h
   -2.30119483772444      0.00000012588758     -1.54254366598008      c
   -2.01539869352489      0.00000023436730     -3.60580707868336      h
   -4.73766187052918     -0.00000025389237     -0.62433279369884      c
   -5.18392852240734     -0.00000045704006      1.40874877468113      h
   -6.35730377263154     -0.00000032059046     -1.93530399232971      h
    2.42718610667978      0.00000014243453     -1.29160549929603      c
    2.45613706281248      0.00000014438253     -3.37178695810873      h
  -.39024574501722D-03  -.69415840284922D-09  -.48494461884213D-03
  0.40084355802575D-05  -.75077251520962D-08  0.10792658857148D-03
  0.24862145277023D-03  0.43447286510513D-09  0.14441007078557D-03
  0.79362659280207D-04  0.10591279865352D-07  0.39531955991849D-03
  -.11648616498874D-03  0.58654611150231D-10  -.14805720870582D-03
  0.36596709954270D-03  -.38075307048722D-08  0.47946195490121D-03
  0.12443164156627D-06  -.12461945707794D-08  -.91631863821235D-04
  -.24623059019462D-03  0.19480431261650D-10  -.14889611961089D-03
  -.36485897314072D-04  0.12793907744791D-07  -.11977416776550D-03
  -.59932832350606D-04  -.14020265891925D-09  -.12087599366453D-03
  0.12808453764068D-03  -.10782247633818D-07  -.11733044052422D-03
  0.14690046923255D-03  -.19159697004903D-08  0.24176670492176D-03
  -.60378767704685D-04  -.36359887114742D-09  0.93893484860171D-05
  0.41258964656570D-04  0.17933027009528D-07  0.12003258195876D-03
  0.55285991856617D-04  -.38169402659386D-09  0.12083066367687D-03
  -.12424926942792D-03  -.14172818576774D-07  0.11336826949935D-03
  -.14636963797324D-03  -.20207430975557D-08  -.23589658049050D-03
  0.55485703120098D-04  -.28583046981717D-09  -.15531173728835D-04
  -.57182941299778D-04  0.18172035254078D-08  -.40326574643807D-03
  0.11245269200368D-03  -.32717218009779D-09  0.15369724423700D-03
  cycle =      5    SCF energy =     -381.8348706069   |dE/dxyz| =  0.000797
   -0.00250348357828     -0.00000030560983     -0.01049211068108      c
   -0.02143170801397     -0.00000029628838      2.73404606292541      c
   -1.83325829248144     -0.00000033326827      3.75125299501389      h
    2.22401110673786     -0.00000043981003      4.08215366931627      c
    2.19637666949772     -0.00000048681708      6.16258785888713      h
    4.65517236817064     -0.00000033177689      2.80161925089891      c
    4.67409986818312     -0.00000032552362      0.05706494222864      c
    6.48596396203696     -0.00000035817932     -0.96012165164537      h
    6.95180713582365     -0.00000028034312      4.33462435561092      c
    6.66760187967579     -0.00000057049633      6.39824843487765      h
    9.38768315039968      0.00000064103930      3.41420352546378      c
    9.83092313026346      0.00000126071061      1.38018509793409      h
   11.00956025695389      0.00000080934382      4.72256963189866      h
   -2.29907706127486     -0.00000029404892     -1.54346869376984      c
   -2.01488311339253     -0.00000062410033     -3.60707387570639      h
   -4.73497084267142      0.00000064658308     -0.62309392238372      c
   -5.17826745525348      0.00000131845650      1.41091225261120      h
   -6.35680844512331      0.00000076405690     -1.93151886434521      h
    2.42864625388320     -0.00000038146527     -1.29102050209272      c
    2.45629819533218     -0.00000041246283     -3.37142559951232      h
  -.34017570443759D-03  0.34872587284297D-08  -.95953081589482D-04
  -.16265436572945D-04  0.11574977632618D-07  -.10231788359059D-03
  0.12201275243958D-03  -.11229889090427D-08  0.39402603178903D-04
  0.75849123972847D-04  -.12201991651755D-07  0.17333952550893D-03
  -.15245476977299D-04  0.18812993426600D-09  -.82475290417318D-04
  0.33549663165899D-03  0.96099950203801D-08  0.93302203438964D-04
  0.16087540784703D-04  0.11478482522268D-08  0.10428421634395D-03
  -.11975587343099D-03  -.65200667340930D-09  -.40169668273392D-04
  -.28051382959283D-03  -.49815087764918D-07  -.73594875168564D-04
  0.47926358359692D-05  0.37387603617428D-10  -.59567736757561D-04
  0.81741391845762D-04  0.34446175272674D-07  -.65118795670152D-04
  0.12043213423855D-03  0.10265153716593D-07  0.11647236503103D-03
  0.15393920039363D-04  0.20884878321794D-08  -.13131652142868D-05
  0.27311676713803D-03  -.53571247377127D-07  0.74979914448266D-04
  -.47292129515642D-05  -.53151518276535D-09  0.60802549527968D-04
  -.70703577847208D-04  0.37405211208618D-07  0.63164652197316D-04
  -.12075181310891D-03  0.11242199060909D-07  -.11254440072548D-03
  -.17914566476512D-04  0.12074597921987D-08  -.32867976072526D-05
  -.73395100071469D-04  -.50150193704750D-08  -.17628862463735D-03
  0.14519983581471D-04  0.20031869922066D-09  0.86882088583775D-04
  cycle =      6    SCF energy =     -381.8348734561   |dE/dxyz| =  0.000315
   -0.00093945921550      0.00000220105582     -0.01107038067574      c
   -0.02244393913603      0.00000218352742      2.73323426158140      c
   -1.83567597829071      0.00000253379436      3.74818307884307      h
    2.22222401402256      0.00000260583547      4.08200574187204      c
    2.19510911412480      0.00000284428682      6.16264632558092      h
    4.65362486217656      0.00000217058835      2.80219254551365      c
    4.67510248402006      0.00000218077888      0.05785233271624      c
    6.48837292787218      0.00000245153216     -0.95707080438046      h
    6.95017893903209      0.00000204667319      4.33593106233454      c
    6.66727908491053      0.00000426783903      6.39984496411647      h
    9.38488748555765     -0.00000434535324      3.41285117862731      c
    9.82381916710981     -0.00000895613449      1.37775429013837      h
   11.00883207744403     -0.00000527202780      4.71851158330165      h
   -2.29745155160664      0.00000208417222     -1.54477394612214      c
   -2.01454578767326      0.00000435057308     -3.60866500120533      h
   -4.73217219422928     -0.00000438238921     -0.62172374559150      c
   -5.17115554722909     -0.00000908479466      1.41334656952916      h
   -6.35608958082260     -0.00000524167669     -1.92740309423984      h
    2.43041494624484      0.00000259324563     -1.29088685011774      c
    2.45757251085822      0.00000276847363     -3.37150725429140      h
  -.92865667797873D-04  -.30650490971168D-07  0.11124990977860D-03
  0.58719492278433D-04  -.30993265262462D-07  -.32261100621909D-04
  -.46013381009928D-06  0.73923741888688D-08  -.43928998665929D-05
  -.29113643501160D-04  0.30156065681812D-07  -.52967107879873D-04
  0.39507366501037D-04  -.54306607990266D-09  -.22415514766648D-05
  0.10180437955534D-03  -.35537013061198D-07  -.10943471914296D-03
  -.59780019414641D-04  -.22609151508432D-07  0.29101810814296D-04
  -.37176044654034D-07  0.56003019653821D-08  0.58203987237155D-05
  -.12605311304523D-03  0.31731820668804D-06  0.63935397076719D-05
  0.38313244026804D-04  -.16145035264627D-08  -.58069218158796D-05
  0.55198105023750D-05  -.21089255964598D-06  0.25460587982033D-04
  0.27063249926357D-04  -.69858411870206D-07  0.72475698930529D-05
  -.19039598272524D-05  -.82437216494852D-08  -.15919655879856D-04
  0.12081465195825D-03  0.32073054364001D-06  -.83153870229818D-05
  -.35755383436318D-04  -.15276338965521D-08  0.51435880983226D-05
  -.61548227659441D-05  -.21503880002541D-06  -.23037864296895D-04
  -.27570127036688D-04  -.71607602920518D-07  -.78474171037146D-05
  0.21776712458416D-05  -.57971828355057D-08  0.15792144960321D-04
  0.24486472549264D-04  0.26327176697057D-07  0.55538676366382D-04
  -.38719973418287D-04  -.25604032371908D-08  0.47571155439135D-06
  cycle =      7    SCF energy =     -381.8348740391   |dE/dxyz| =  0.000125
   -0.00059353328104     -0.00000867664482     -0.01154725804466      c
   -0.02268316916329     -0.00000866675745      2.73291091883264      c
   -1.83607586388143     -0.00000996501732      3.74754606088921      h
    2.22176007896886     -0.00001033537633      4.08220407868240      c
    2.19408691020196     -0.00001115357162      6.16284863296496      h
    4.65327359911296     -0.00000877248487      2.80266713287030      c
    4.67534180717203     -0.00000872286840      0.05817480388877      c
    6.48877512074612     -0.00001005945569     -0.95644178163296      h
    6.95012303522672     -0.00000840320978      4.33627837862050      c
    6.66716520578047     -0.00001737960308      6.40022027204323      h
    9.38449223209377      0.00001742107788      3.41243583505553      c
    9.82232368204682      0.00003642475733      1.37709463166221      h
   11.00894968612893      0.00002080146631      4.71750722850980      h
   -2.29739187984166     -0.00000830089924     -1.54511988459000      c
   -2.01445442332483     -0.00001735311463     -3.60903705503806      h
   -4.73176923967705      0.00001738818740     -0.62131010376359      c
   -5.16964522703321      0.00003652468867      1.41400682776746      h
   -6.35620502404929      0.00002059012153     -1.92639301778074      h
    2.43087941721303     -0.00001028363048     -1.29108801914446      c
    2.45859116072864     -0.00001107766543     -3.37170482426291      h
  -.11370660124258D-04  0.12920645235961D-06  0.59352729444473D-04
  -.84710598602859D-05  0.11403817926789D-06  0.31405588053184D-05
  0.26913749423996D-05  -.29133736156303D-07  0.51956715232137D-05
  0.26819212631998D-04  -.11282968385681D-06  -.27746630279169D-04
  0.22284978328196D-04  0.50989217969218D-08  0.85601689652106D-05
  0.12775018760666D-04  0.12939496799531D-06  -.59581876796521D-04
  0.66552895460838D-05  0.11111686863086D-06  -.32062183697138D-05
  -.18522209976762D-05  -.28989676831673D-07  -.50374154803872D-05
  0.73939536792824D-05  -.13883911202662D-05  -.89764813682557D-05
  0.53646147952349D-05  -.57076539969347D-08  0.82061422729986D-05
  -.31777427299507D-04  0.93682194452911D-06  0.14898186954398D-04
  0.17600479237795D-04  0.32006036025451D-06  -.79817141037446D-05
  0.48616510361947D-06  0.29221850940440D-07  0.13941349225245D-04
  -.59418924038221D-05  -.13785275605035D-05  0.87512339500307D-05
  -.46879591003684D-05  -.78940408106438D-08  -.76562225117197D-05
  0.30060349212877D-04  0.93050304006634D-06  -.14100206079014D-04
  -.17777481423716D-04  0.32454784648117D-06  0.76450079758523D-05
  -.24692581057703D-06  0.25539903212701D-07  -.13814964896837D-04
  -.28181406036521D-04  -.10966049958137D-06  0.26179290265518D-04
  -.21830232524150D-04  0.53881380818861D-08  -.77677010459415D-05
  cycle =      8    SCF energy =     -381.8348742934   |dE/dxyz| =  0.000201
    0.00009209697802      0.00003623818656     -0.01244395977576      c
   -0.02310428696318      0.00003614455324      2.73216577782321      c
   -1.83688375699835      0.00004136956601      3.74604491787048      h
    2.22075551787599      0.00004309556294      4.08247523397821      c
    2.19213978224325      0.00004640909226      6.16308317036136      h
    4.65258467229361      0.00003670498392      2.80356163843571      c
    4.67576484381014      0.00003658715382      0.05891640785725      c
    6.48958271019697      0.00004237368546     -0.95495293649098      h
    6.94971981044953      0.00003521811353      4.33697371915738      c
    6.66704377926857      0.00007380026622      6.40093857877146      h
    9.38358604353882     -0.00007314155425      3.41163433940098      c
    9.81940867568950     -0.00015376586509      1.37590878882757      h
   11.00919419069838     -0.00008650672809      4.71522656629289      h
   -2.29698899160583      0.00003444993485     -1.54581539516570      c
   -2.01436304938053      0.00007295882821     -3.60975545798615      h
   -4.73085010758504     -0.00007270013174     -0.62050788994754      c
   -5.16670589295375     -0.00015312759890      1.41519642604285      h
   -6.35644640284271     -0.00008585751090     -1.92409910165471      h
    2.43188338690854      0.00004310316371     -1.29136044948037      c
    2.46053055355062      0.00004664629822     -3.37193751678609      h
  0.72787268088795D-04  -.52795216358280D-06  -.37469293139700D-05
  -.72710179621678D-04  -.45995472453508D-06  0.45300759561704D-04
  0.12929399671587D-05  0.11552569867438D-06  0.98364990154943D-06
  0.30582026237501D-04  0.45379026538354D-06  0.22805795703528D-04
  0.31152893673423D-05  -.25194427330187D-07  -.17890057463273D-05
  -.75605183467929D-04  -.52557376012427D-06  0.35479114333331D-05
  0.73674604261810D-04  -.45740388801265D-06  -.41547702048606D-04
  -.18701968477635D-05  0.12424623799307D-06  -.13792390043254D-05
  0.54481846419505D-04  0.57063810389737D-05  0.38169802409699D-04
  -.21846637831592D-04  0.26975352636671D-07  -.33990767481893D-05
  0.77583561863777D-05  -.38587065651960D-05  -.23672769173816D-04
  -.18251538649212D-04  -.13297019394973D-05  -.10326653757440D-04
  0.52741970273486D-05  -.97515459119172D-07  -.15729115838355D-05
  -.54294848023777D-04  0.56120890213553D-05  -.37330209866270D-04
  0.20798408475988D-04  0.35149763657350D-07  0.30003960325741D-05
  -.72279938719728D-05  -.37854589681160D-05  0.21579443901648D-04
  0.18508506183911D-04  -.13363679459376D-05  0.11290319831339D-04
  -.56048032433032D-05  -.96788350195420D-07  0.13781635252129D-05
  -.27252258160760D-04  0.44579438592437D-06  -.25188009869058D-04
  -.36125027849395D-05  -.18480079596646D-07  0.18996213296547D-05
  cycle =      9    SCF energy =     -381.8348744476   |dE/dxyz| =  0.000093
   -0.00014104432384     -0.00006277904355     -0.01223415459454      c
   -0.02290638035093     -0.00006252127468      2.73230811244457      c
   -1.83655632587647     -0.00007150587474      3.74644676931620      h
    2.22104677367752     -0.00007475860232      4.08239306821565      c
    2.19256047064877     -0.00008046100459      6.16300743568100      h
    4.65281874193138     -0.00006374360500      2.80335113769547      c
    4.67556619234693     -0.00006357316666      0.05877166169485      c
    6.48925581696518     -0.00007377247557     -0.95535410341676      h
    6.94987877633863     -0.00006137135919      4.33672429347710      c
    6.66721538327395     -0.00012807209585      6.40068589334671      h
    9.38392302626223      0.00012697979806      3.41187458111174      c
    9.82048102722224      0.00026711205169      1.37629992609534      h
   11.00915415471975      0.00014997516293      4.71592862831734      h
   -2.29714735205718     -0.00005982859816     -1.54556608266934      c
   -2.01452461707751     -0.00012626624724     -3.60950257165761      h
   -4.73118996918179      0.00012607212620     -0.62074546110445      c
   -5.16778526543606      0.00026548488422      1.41480543884688      h
   -6.35640651853135      0.00014875846290     -1.92480114287017      h
    2.43159061950365     -0.00007478689777     -1.29127778458467      c
    2.46011006511616     -0.00008094224070     -3.37186278781405      h
  0.15266654302158D-04  0.93737032748208D-06  0.13863699582959D-04
  -.33879242583633D-04  0.98067778880300D-06  0.16190272315396D-04
  0.15066219200733D-04  -.21249665809078D-06  0.75183071990147D-05
  0.86145063730652D-05  -.97325881133701D-06  -.48729800622627D-05
  0.91058595424677D-05  0.60947340854486D-08  0.90418636970096D-05
  -.21033209095024D-04  0.93625179735532D-06  -.17026055406534D-04
  0.22168378781709D-04  0.95367596321359D-06  -.31987913834260D-04
  -.33234531122389D-05  -.23549231451152D-06  -.10606716166538D-04
  0.30759460881888D-04  -.11863779310721D-04  -.75954799050613D-05
  -.14620787705566D-04  -.42043810714139D-06  0.36178055631988D-05
  -.17150148980876D-05  0.83305153773128D-05  -.27446939417910D-05
  0.10714216410344D-04  0.29360945540795D-05  -.49668639722610D-05
  -.42038924143725D-05  0.27827036713666D-06  0.10320417939703D-04
  -.17315126644318D-04  -.11647835462511D-04  0.15045369768767D-04
  0.11051838375730D-04  -.43061540131599D-06  0.88420565973459D-05
  0.10724586893668D-04  0.81658873115401D-05  0.19194205548564D-06
  -.10400485886327D-04  0.29343541021364D-05  -.18977848007135D-05
  0.70990092638162D-05  0.27803849932498D-06  -.65456204539631D-05
  -.28107725669646D-04  -.94684531490951D-06  0.70065090358130D-06
  -.59762956123175D-05  -.78664722177578D-08  0.29133948206881D-05
  cycle =     11    SCF energy =     -381.8348744700   |dE/dxyz| =  0.000077
   -0.00011328951270      0.00000394831217     -0.01232815938093      c
   -0.02288962944746      0.00000386680164      2.73220742700437      c
   -1.83658084538809      0.00000391424927      3.74629312355980      h
    2.22099034067891      0.00000500429976      4.08240264693449      c
    2.19237667722804      0.00000563610735      6.16300862781070      h
    4.65279871346161      0.00000408869614      2.80344693461095      c
    4.67556144986963      0.00000409735865      0.05888332072226      c
    6.48927734359977      0.00000444817226     -0.95518985812638      h
    6.94986857246690      0.00000332413213      4.33676960422447      c
    6.66733019404415      0.00001075370101      6.40074179884770      h
    9.38387917891290     -0.00000857500148      3.41183002036474      c
    9.82035492400982     -0.00001884883010      1.37624221207208      h
   11.00919557143465     -0.00000969911842      4.71577280830402      h
   -2.29714439095635      0.00000306014465     -1.54561885473970      c
   -2.01463741558509      0.00001027311958     -3.60957870448914      h
   -4.73116055486693     -0.00000841813818     -0.62069881196999      c
   -5.16766528600114     -0.00001817935442      1.41487427932637      h
   -6.35646620291238     -0.00000966149989     -1.92464624459675      h
    2.43166469631062      0.00000508658038     -1.29128474182385      c
    2.46030352782466      0.00000588026749     -3.37187457112379      h
  0.15489922044863D-04  -.27389758339966D-07  0.11168723832351D-04
  -.19106872013203D-04  -.82702580622834D-07  0.86953901872626D-05
  0.10004712456820D-04  0.81828491145229D-08  0.87070981601601D-05
  0.10013923056713D-04  0.87783172450033D-07  -.41472771283218D-05
  0.77172397225679D-05  0.15575695861705D-07  0.59320582769677D-05
  -.19349809606877D-04  -.26438578151544D-07  -.13590995419476D-04
  0.12036028853746D-04  -.78970499246439D-07  -.22224167053656D-04
  -.30501713818417D-05  0.12981029274685D-07  -.98975626626885D-05
  0.33116524514616D-04  0.98777264859157D-06  -.98836856763755D-05
  -.95832807145031D-05  0.19868699621051D-06  0.80845267117480D-06
  -.12012591194986D-04  -.79492470633835D-06  0.36145918365418D-05
  0.10591757553238D-04  -.34285361046007D-06  -.38761396455832D-05
  -.22113971815105D-05  -.52748017894347D-07  0.60257822763169D-05
  -.19203204730808D-04  0.96257442131594D-06  0.16783145040736D-04
  0.72684018785864D-05  0.20000263707734D-06  0.60467402803348D-05
  0.15638600478206D-04  -.77973156945047D-06  -.46205716898061D-05
  -.10652267088233D-04  -.33625495361800D-06  -.10570639279538D-06
  0.36960344576809D-05  -.53852042817267D-07  -.37599708827554D-05
  -.25164757089158D-04  0.83837485483342D-07  0.35327870078647D-05
  -.52426485963750D-05  0.18468129567858D-07  0.79231995040853D-06
  cycle =     13    SCF energy =     -381.8348745207   |dE/dxyz| =  0.000056
   -0.00002257718089     -0.00007349817672     -0.01250860218213      c
   -0.02291988054939     -0.00007322581439      2.73203142860725      c
   -1.83669768631654     -0.00008400891386      3.74597236626764      h
    2.22083290370501     -0.00008743651493      4.08243384011909      c
    2.19201172490262     -0.00009413370844      6.16303024767399      h
    4.65271541340495     -0.00007452575289      2.80362980927030      c
    4.67560525335132     -0.00007428815025      0.05907417261423      c
    6.48939216948356     -0.00008629396094     -0.95485752172675      h
    6.94980792711454     -0.00007206073758      4.33688869879355      c
    6.66744708818124     -0.00015027754667      6.40088079445985      h
    9.38374035124122      0.00014855702622      3.41170053523455      c
    9.81992245615005      0.00031354365809      1.37605713892096      h
   11.00925724263465      0.00017512478907      4.71538683049326      h
   -2.29709559737352     -0.00007042897343     -1.54574805634354      c
   -2.01475647969297     -0.00014849624903     -3.60973904716521      h
   -4.73103637289022      0.00014762559494     -0.62056939551516      c
   -5.16723524954383      0.00031204940343      1.41506884670258      h
   -6.35654702780677      0.00017375031083     -1.92426182718789      h
    2.43184310553686     -0.00008742240950     -1.29131254121516      c
    2.46067881081964     -0.00009455387395     -3.37190486028998      h
  0.14246351820660D-04  0.94463579831993D-06  0.67607938538080D-05
  -.12283689870698D-04  0.41445793597396D-06  0.41574302360553D-05
  0.54225472869591D-05  -.18930481543330D-06  0.75298519376158D-05
  0.85942427154663D-05  -.34346683201465D-06  0.63722281346113D-06
  0.51737629384042D-05  0.15754557804801D-06  0.30040124512426D-05
  -.15710279263433D-04  0.96126566385386D-06  -.79664302226071D-05
  0.95750714400873D-05  0.41516203712085D-06  -.13681699743276D-04
  -.29177978994154D-05  -.19860290669929D-06  -.72821584125398D-05
  0.23873039133993D-04  -.55709019914200D-05  -.92006778834454D-05
  -.63210942506087D-05  0.97955787450801D-06  -.69464552585796D-06
  -.87569758161604D-05  0.26580224616074D-05  0.15959603900202D-05
  0.67929669412088D-05  0.10403498717006D-05  -.31921585333134D-05
  -.15394998880995D-06  -.11261374123433D-06  0.17119820981249D-05
  -.14013307463580D-04  -.54479481045513D-05  0.14321347997720D-04
  0.49898208995444D-05  0.95851455122998D-06  0.29618269803326D-05
  0.94988069740856D-05  0.25655032890608D-05  -.21315134525680D-05
  -.70210988555019D-05  0.10542523871079D-05  0.19149312616852D-05
  0.50820063345151D-06  -.10532320717473D-06  -.85999730373435D-06
  -.17904371458322D-04  -.32972357971102D-06  0.11923111930640D-05
  -.35945803782070D-05  0.14681062592449D-06  -.77796371051283D-06
  cycle =     14    SCF energy =     -381.8348745045   |dE/dxyz| =  0.000057
   -0.00002257718089     -0.00007349817672     -0.01250860218213      c
   -0.02291988054939     -0.00007322581439      2.73203142860725      c
   -1.83669768631654     -0.00008400891386      3.74597236626764      h
    2.22083290370501     -0.00008743651493      4.08243384011909      c
    2.19201172490262     -0.00009413370844      6.16303024767399      h
    4.65271541340495     -0.00007452575289      2.80362980927030      c
    4.67560525335132     -0.00007428815025      0.05907417261423      c
    6.48939216948356     -0.00008629396094     -0.95485752172675      h
    6.94980792711454     -0.00007206073758      4.33688869879355      c
    6.66744708818124     -0.00015027754667      6.40088079445985      h
    9.38374035124122      0.00014855702622      3.41170053523455      c
    9.81992245615005      0.00031354365809      1.37605713892096      h
   11.00925724263465      0.00017512478907      4.71538683049326      h
   -2.29709559737352     -0.00007042897343     -1.54574805634354      c
   -2.01475647969297     -0.00014849624903     -3.60973904716521      h
   -4.73103637289022      0.00014762559494     -0.62056939551516      c
   -5.16723524954383      0.00031204940343      1.41506884670258      h
   -6.35654702780677      0.00017375031083     -1.92426182718789      h
    2.43184310553686     -0.00008742240950     -1.29131254121516      c
    2.46067881081964     -0.00009455387395     -3.37190486028998      h
  0.14551802225160D-04  0.91843788226236D-06  0.71565501775532D-05
  -.12255648909662D-04  0.31279113026825D-06  0.45701161665374D-05
  0.53385203751162D-05  -.17698065075011D-06  0.76957269687661D-05
  0.92137865130825D-05  -.24049051804637D-06  0.56679235074517D-06
  0.53238779146122D-05  0.18234734904881D-06  0.28649899873022D-05
  -.15943526121749D-04  0.93787513720353D-06  -.83965891368751D-05
  0.98809264928559D-05  0.31868149898876D-06  -.13651320249614D-04
  -.32004899064693D-05  -.18336699278247D-06  -.73454999323260D-05
  0.24831429296262D-04  -.43225057694361D-05  -.97682320889406D-05
  -.64266754927244D-05  0.12294596269024D-05  -.84242581047216D-06
  -.96202006987108D-05  0.16372612034617D-05  0.20891682568492D-05
  0.70642165863878D-05  0.60857504092526D-06  -.29615019332487D-05
  -.43346145857800D-06  -.17420800967244D-06  0.18390255258848D-05
  -.14855766713886D-04  -.42186234147538D-05  0.14688811163127D-04
  0.51653388834788D-05  0.12063839324177D-05  0.27456097287932D-05
  0.98795359867521D-05  0.15586080086853D-05  -.25025365256034D-05
  -.73375034131968D-05  0.62576254405825D-06  0.19850967064623D-05
  0.62454622454788D-06  -.16544066811887D-06  -.11632913043532D-05
  -.17959981536811D-04  -.22891315939308D-06  0.13696578989579D-05
  -.38430297158515D-05  0.17251165979090D-06  -.93970118511110D-06
  cycle =     15    SCF energy =     -381.8348744676   |dE/dxyz| =  0.000058
   -0.00002257718089     -0.00007349817672     -0.01250860218213      c
   -0.02291988054939     -0.00007322581439      2.73203142860725      c
   -1.83669768631654     -0.00008400891386      3.74597236626764      h
    2.22083290370501     -0.00008743651493      4.08243384011909      c
    2.19201172490262     -0.00009413370844      6.16303024767399      h
    4.65271541340495     -0.00007452575289      2.80362980927030      c
    4.67560525335132     -0.00007428815025      0.05907417261423      c
    6.48939216948356     -0.00008629396094     -0.95485752172675      h
    6.94980792711454     -0.00007206073758      4.33688869879355      c
    6.66744708818124     -0.00015027754667      6.40088079445985      h
    9.38374035124122      0.00014855702622      3.41170053523455      c
    9.81992245615005      0.00031354365809      1.37605713892096      h
   11.00925724263465      0.00017512478907      4.71538683049326      h
   -2.29709559737352     -0.00007042897343     -1.54574805634354      c
   -2.01475647969297     -0.00014849624903     -3.60973904716521      h
   -4.73103637289022      0.00014762559494     -0.62056939551516      c
   -5.16723524954383      0.00031204940343      1.41506884670258      h
   -6.35654702780677      0.00017375031083     -1.92426182718789      h
    2.43184310553686     -0.00008742240950     -1.29131254121516      c
    2.46067881081964     -0.00009455387395     -3.37190486028998      h
  0.14788787421898D-04  0.91274092024456D-06  0.72345168545401D-05
  -.12164439617362D-04  0.28981829323333D-06  0.48138834572416D-05
  0.52345037336570D-05  -.17278327404807D-06  0.77588163457896D-05
  0.95803674718330D-05  -.22033864045977D-06  0.57235248196672D-06
  0.53388280687913D-05  0.18956724714929D-06  0.27397147605958D-05
  -.16173348693529D-04  0.93300552061167D-06  -.84900825370233D-05
  0.10032992463776D-04  0.29701182562932D-06  -.13550438446630D-04
  -.33405907697287D-05  -.17829756693101D-06  -.73445081251664D-05
  0.25413234172558D-04  -.39861197352016D-05  -.99339253859510D-05
  -.64249702693174D-05  0.13059213249072D-05  -.98148497517238D-06
  -.10222783928985D-04  0.13792295881416D-05  0.23442089935329D-05
  0.71372666341730D-05  0.46672671609409D-06  -.28894520319758D-05
  -.50803581409902D-06  -.19114881549266D-06  0.18507108648126D-05
  -.15437093012911D-04  -.38873688049999D-05  0.14724092537125D-04
  0.52231262195730D-05  0.12821855721216D-05  0.26334209389976D-05
  0.10145062879432D-04  0.13041166668599D-05  -.26708568649716D-05
  -.74215045271345D-05  0.48498346035031D-06  0.20636379727964D-05
  0.63228585746219D-06  -.18187636937500D-06  -.12575791377668D-05
  -.17911656590156D-04  -.20923819307669D-06  0.14316621593526D-05
  -.39243087782599D-05  0.18001931215830D-06  -.10482195072237D-05
  cycle =     16    SCF energy =     -381.8348744523   |dE/dxyz| =  0.000058
   -0.00002257718089     -0.00007349817672     -0.01250860218213      c
   -0.02291988054939     -0.00007322581439      2.73203142860725      c
   -1.83669768631654     -0.00008400891386      3.74597236626764      h
    2.22083290370501     -0.00008743651493      4.08243384011909      c
    2.19201172490262     -0.00009413370844      6.16303024767399      h
    4.65271541340495     -0.00007452575289      2.80362980927030      c
    4.67560525335132     -0.00007428815025      0.05907417261423      c
    6.48939216948356     -0.00008629396094     -0.95485752172675      h
    6.94980792711454     -0.00007206073758      4.33688869879355      c
    6.66744708818124     -0.00015027754667      6.40088079445985      h
    9.38374035124122      0.00014855702622      3.41170053523455      c
    9.81992245615005      0.00031354365809      1.37605713892096      h
   11.00925724263465      0.00017512478907      4.71538683049326      h
   -2.29709559737352     -0.00007042897343     -1.54574805634354      c
   -2.01475647969297     -0.00014849624903     -3.60973904716521      h
   -4.73103637289022      0.00014762559494     -0.62056939551516      c
   -5.16723524954383      0.00031204940343      1.41506884670258      h
   -6.35654702780677      0.00017375031083     -1.92426182718789      h
    2.43184310553686     -0.00008742240950     -1.29131254121516      c
    2.46067881081964     -0.00009455387395     -3.37190486028998      h
  0.14951729562373D-04  0.91143304003326D-06  0.72195721733991D-05
  -.12164257168527D-04  0.28495600428827D-06  0.48555025767035D-05
  0.52302234960713D-05  -.17127632766130D-06  0.77711188377915D-05
  0.96942731838279D-05  -.21713378934049D-06  0.56381029733812D-06
  0.53504983458123D-05  0.19161496042247D-06  0.27234796161817D-05
  -.16376740677589D-04  0.93186500174053D-06  -.85070919042092D-05
  0.10041717849546D-04  0.29250408338871D-06  -.13578635705087D-04
  -.33430469742002D-05  -.17652754370118D-06  -.73543026270818D-05
  0.25878610825988D-04  -.38877263525991D-05  -.99457514803019D-05
  -.64254326222176D-05  0.13298714712769D-05  -.10072618960674D-05
  -.10596674187863D-04  0.13102497443989D-05  0.24850907641789D-05
  0.71662065873526D-05  0.41714666360787D-06  -.29128456163486D-05
  -.49946794558131D-06  -.19579810583581D-06  0.18752648656009D-05
  -.15788613647690D-04  -.37905492344565D-05  0.14742188759034D-04
  0.52256323268991D-05  0.13059323954108D-05  0.26467975776654D-05
  0.10424420781553D-04  0.12361550903967D-05  -.27819855499892D-05
  -.74485405012136D-05  0.43574884453613D-06  0.20848313573427D-05
  0.62727209419747D-06  -.18636100019156D-06  -.12810936013676D-05
  -.18013116796081D-04  -.20611153272147D-06  0.14426261176078D-05
  -.39369680679996D-05  0.18215726889594D-06  -.10408412244016D-05
$end
