$hessapprox
  0.103405077980D+01 -0.216361959208D-03  0.327789032661D+00 -0.228575786410D-01
  0.801806013971D-04  0.108688826234D+01 -0.298811731273D+00  0.233622891637D-03
  0.332167135452D-01  0.100189545925D+01  0.252081250530D-04 -0.126013597148D+00
  0.297975069165D-04 -0.199581131929D-04  0.248245623472D+00  0.633370357268D-01
 -0.196217141044D-03 -0.464199292292D+00 -0.121758902466D-01 -0.228256755158D-04
  0.933705954453D+00  0.182687282605D-01  0.498014151846D-04  0.123492155186D-02
 -0.286868644195D+00  0.286471691673D-04  0.814090902554D-01  0.277771236336D+00
  0.351018927477D-04  0.803786030947D-02 -0.144610932309D-04 -0.386281485960D-04
 -0.672713923456D-01  0.347822335701D-04 -0.100339613017D-04  0.449465391580D-01
  0.350616956983D-01  0.809554247963D-04  0.262478750346D-02  0.802782868153D-01
  0.455217934049D-04 -0.168649928671D+00 -0.895932411232D-01 -0.164040893773D-04
  0.159928500084D+00 -0.355006676108D-02 -0.414267385707D-05 -0.287272339741D-01
 -0.437519677824D+00  0.747115772432D-04 -0.812130786623D-01 -0.498838058611D-02
 -0.358814108604D-05 -0.214869066861D-01  0.946501148844D+00 -0.515055026495D-04
  0.114790538329D-01 -0.236778565896D-04  0.469728319881D-04 -0.110361898954D+00
  0.437868613934D-05 -0.262634484694D-04  0.114558126014D-01 -0.417591195691D-04
 -0.828965237145D-04  0.255347208799D+00 -0.420793516523D-01 -0.124269592035D-03
  0.370624875586D-02 -0.922068993815D-01 -0.273818213067D-04 -0.331972321559D+00
  0.253641644327D-01  0.223181789306D-04  0.190654599938D-01  0.340119654081D-01
  0.166813712944D-04  0.100353288395D+01  0.149105825858D-02  0.239549002135D-04
 -0.538314148454D-02  0.247476657346D-01  0.120989036754D-04 -0.405607316746D-01
 -0.166561141487D-03 -0.453725479477D-05  0.231637370092D-04 -0.128163419696D+00
 -0.106960813665D-04  0.568004295542D-02  0.104120343370D+00 -0.725347998769D-04
  0.727053810083D-02  0.167844599904D-04  0.759001364764D-04  0.111126475345D-01
 -0.522495419414D-04  0.659357140268D-05 -0.972328995286D-02  0.110485424059D-04
 -0.227747536387D-04 -0.706691597857D-01 -0.301143402496D-04  0.397168705251D-05
  0.483758762102D-01  0.574975030254D-02  0.563861984462D-04 -0.115293248775D-02
  0.140420008365D-01  0.333389339183D-04  0.283351019709D-02 -0.776621287066D-02
 -0.115514021943D-04  0.533884994928D-02 -0.472288414750D-03 -0.309321312254D-04
 -0.331389312087D+00 -0.752003627725D-02  0.733870517433D-05  0.328632760973D+00
  0.638431624797D-01  0.211418138211D-03  0.277387647141D-01 -0.326822037090D-01
 -0.350310912091D-04 -0.192101504001D-01 -0.946967615219D-03 -0.339436530613D-04
 -0.450607162597D-02 -0.391070252096D+00  0.614335370626D-04  0.490348386844D-01
  0.144708251791D-01  0.734351356650D-04 -0.577079280851D-02  0.103408909800D+01
 -0.223620537328D-03 -0.991056402522D-02  0.819204252517D-04  0.241146706961D-03
  0.110334543509D-01 -0.201742438550D-03  0.502425664682D-04  0.779040565431D-02
  0.820490476237D-04 -0.563130804262D-05 -0.133490267857D+00 -0.127722570255D-03
  0.242397251109D-04  0.102775583669D-01  0.574903778997D-04  0.218602289281D-03
  0.328031126356D+00  0.276547430845D-01 -0.950782274287D-04  0.247176498528D-01
 -0.572030507137D-01 -0.384325249974D-04  0.445229253320D-01 -0.121971321102D-02
  0.180015599376D-04 -0.262948406765D-02  0.103308482493D+00  0.324397701818D-04
 -0.361391349585D+00  0.360978089635D-01 -0.178139952267D-04  0.155402411128D-02
 -0.229356340010D-01 -0.966743008208D-04  0.108686697513D+01 -0.345026074464D-01
 -0.263929356889D-03 -0.569183445921D-01 -0.449006764116D-01  0.459995978972D-05
  0.178508064476D-01  0.162681983010D-01  0.443347984053D-04  0.372897011565D-03
  0.476072895052D-01 -0.335893547576D-04  0.789586547609D-01 -0.642822363537D-02
 -0.809139213982D-04 -0.135741923646D-01 -0.301094082076D+00 -0.271911397032D-03
  0.322237966051D-01  0.100244723591D+01  0.174395314656D-04  0.110321615602D-01
  0.303913789189D-04 -0.117057501458D-04 -0.847067550141D-02 -0.267905848513D-04
  0.285679586126D-04  0.115361389455D-02  0.451630648270D-04  0.686208646242D-04
  0.126218677431D-01 -0.286540750111D-04  0.123298949960D-04  0.985500134924D-02
  0.324470280436D-04 -0.264310476772D-04 -0.126074393746D+00 -0.395101574176D-04
 -0.331557775958D-05  0.248304726065D+00 -0.137124222697D-01  0.864093780604D-04
  0.432889701160D-01  0.125828033518D-01 -0.270513830439D-04 -0.960877506406D-03
 -0.128125263423D-02 -0.131151781557D-04 -0.717407481973D-02 -0.118162597445D-01
  0.393668927426D-04  0.243139090135D-02  0.989015429447D-02  0.340035572408D-04
 -0.392549745641D-02  0.608134158327D-01  0.903996119120D-04 -0.462614300205D+00
 -0.772477922305D-02 -0.239911971657D-04  0.928817430516D+00 -0.131314046321D-02
 -0.243251362399D-04 -0.151337605869D-02  0.164672122824D-01 -0.154075276646D-04
 -0.133331174318D-02 -0.159782377832D-02  0.506164152473D-05  0.643085714063D-02
 -0.350296375240D-02  0.143787569736D-04 -0.994319221086D-02 -0.173203625548D-02
 -0.281318582291D-05  0.643843631183D-02  0.183299994582D-01 -0.245444092911D-04
  0.150157252047D-02 -0.286334434576D+00 -0.154571052688D-04  0.818839360034D-01
  0.277119305741D+00  0.361372078741D-04  0.779458072264D-02 -0.170703653852D-04
 -0.392078524993D-04  0.115313943289D-02  0.353436655607D-04 -0.105772301007D-04
 -0.208739486137D-03 -0.169454597701D-04 -0.384499461079D-05  0.943070831672D-02
  0.237492471023D-04 -0.530739455993D-05 -0.405783342160D-03 -0.118142856107D-04
 -0.344139286502D-04  0.804483795213D-02  0.196810589161D-04  0.457789918520D-04
 -0.672823075108D-01 -0.130842801759D-04  0.520457516769D-05  0.449537595107D-01
 -0.509686339152D-02 -0.754995492897D-04 -0.244448722399D-02  0.145969966326D-02
 -0.439067921434D-04 -0.680944597591D-02  0.617662012035D-02  0.152549431117D-04
  0.127969119164D-02  0.515637534554D-02  0.403098517523D-04  0.689231589841D-02
 -0.120875312824D-02 -0.101720796622D-04 -0.574400375253D-02  0.352897678592D-01
 -0.766366474651D-04  0.247736877267D-02  0.797485811512D-01 -0.432801278818D-04
 -0.167782506651D+00 -0.896040631655D-01  0.160232468346D-04  0.159858651026D+00
 -0.523880562708D-01  0.758815508097D-04 -0.369143249182D-01 -0.128882861620D-02
  0.175146525470D-03  0.376714732131D-01 -0.888511442502D-02 -0.214521027662D-04
  0.501778626857D-02 -0.180810041968D-01 -0.183762847737D-03 -0.336202386934D-01
 -0.275677383501D-02 -0.262768147429D-04  0.217947363061D-01 -0.356560283945D+00
  0.738867461399D-04 -0.395053307169D-01  0.283769236199D-01  0.163229343561D-03
 -0.352007531453D-01  0.959058837457D-02 -0.254626343561D-04 -0.607285851168D-02
  0.978465939106D+00 -0.131222461538D-03 -0.245934801883D-04 -0.400675922920D-03
  0.593836986012D-04  0.561456657524D-02  0.396873057569D-03 -0.364686947268D-03
  0.535300985138D-03 -0.576835247114D-03 -0.836833964078D-03  0.185342519168D-01
  0.395486300037D-03 -0.158388167227D-03 -0.795774681580D-02 -0.415167856209D-03
  0.244019454649D-03 -0.132672915700D+00  0.513384065263D-03  0.135849219460D-03
  0.820682541509D-02  0.256041411570D-03  0.195697861846D-03 -0.722106729185D-02
  0.553055233031D-03 -0.202378780859D-02  0.221215388857D+00 -0.229992045300D-01
 -0.355927790458D-03 -0.132654985019D-01  0.730303083260D-02 -0.135329492195D-03
  0.500510237766D-02  0.837577529180D-02  0.673221979038D-04 -0.163857420876D-02
  0.700228127968D-02  0.110136872175D-03  0.570065985308D-01 -0.842861018649D-03
 -0.691680525592D-04 -0.127021213489D-01 -0.419906882200D-01 -0.363717737036D-03
 -0.358015544390D+00 -0.496256056285D-01 -0.135152316935D-03 -0.188548788306D-02
 -0.953375726530D-02  0.711674119434D-04 -0.286059178447D-02 -0.732264310886D-01
  0.177922456625D-02  0.909112620661D+00  0.568042769228D-02  0.240453624626D-04
  0.619928700311D-02  0.148939321807D-02 -0.366958262541D-04 -0.826457162595D-02
  0.504730184397D-03 -0.160434895000D-05 -0.446751286214D-03 -0.694536366849D-02
  0.436481081399D-04 -0.600360456486D-02 -0.437760663200D-02  0.183340795938D-04
 -0.220453782098D-02  0.117375100619D-01  0.258891912496D-04 -0.323431769616D-01
 -0.134528465812D-02 -0.341402658619D-04  0.727740147909D-02 -0.608328747055D-03
 -0.217340129475D-05  0.603036389485D-03 -0.126232996832D+00  0.402932557277D-03
  0.257243125527D-01  0.112693785940D+00 -0.559277599360D-03 -0.724603820253D-03
  0.104948764958D-03  0.584693762653D-03 -0.108861411120D-02 -0.387788997022D-03
  0.372292408163D-04  0.203130745833D-03  0.644428654900D-04 -0.203561521689D-03
 -0.954011162021D-02 -0.213123352220D-03  0.222934005532D-04  0.600983539306D-03
  0.419696492283D-04  0.572778603147D-03  0.131428636149D-01 -0.114280991667D-03
 -0.613809038986D-03  0.932833064831D-02  0.270482776248D-03 -0.143090190586D-04
 -0.153680839668D-03 -0.569711215542D-04 -0.282039719662D-03 -0.721720516364D-01
 -0.459729928821D-03  0.152195480819D-03  0.482226802985D-01  0.853345888864D-02
  0.418836443589D-04 -0.188955700798D-02  0.705329598381D-02  0.286430590082D-04
  0.302685195350D-02 -0.451224733093D-02 -0.944247465238D-05  0.446306856487D-02
 -0.473901713233D-02 -0.280952232339D-04 -0.110554590084D-01 -0.209738317555D-02
  0.339869997170D-05  0.893300963653D-02 -0.649835764225D-02  0.425523619037D-04
 -0.228064813004D-02 -0.697790478829D-02  0.280744700181D-04 -0.313862736970D-02
  0.446313124910D-02 -0.832528490696D-05 -0.448388211412D-02  0.437925989381D-01
 -0.353783521577D-03 -0.322446550502D+00 -0.295477372050D-01  0.198443030539D-04
  0.320691860357D+00  0.412829545383D-02 -0.229364319116D-03  0.154692207559D-01
 -0.771220437756D-02 -0.135784297473D-03  0.571202418519D-04  0.800667630297D-02
  0.452416680137D-04 -0.644242359393D-02 -0.873990706244D-02  0.123890193906D-03
  0.161480053714D-01  0.699026935818D-03 -0.312968735021D-04 -0.157652326158D-01
 -0.128512704165D-01 -0.233108015048D-03  0.162220132599D-03  0.145399291499D-02
 -0.131195061312D-03 -0.427043265443D-02 -0.957381572479D-02  0.497646381835D-04
  0.451038702065D-02 -0.483179221457D+00  0.168999419658D-02  0.115950455115D+00
  0.138959113683D-01 -0.170497320355D-03 -0.983225778293D-02  0.817854380003D+00
  0.634340191132D-03 -0.453078507242D-03  0.167939338623D-03 -0.611029250985D-03
  0.790170304827D-04  0.112609968337D-03  0.208163639279D-03 -0.296013284716D-03
  0.324120333434D-03  0.760336864238D-03  0.566741965862D-02 -0.579505523638D-04
  0.848733295423D-04 -0.558301710321D-03  0.237728358359D-03 -0.723720885692D-03
  0.575399530671D-02 -0.233417239994D-03  0.508413024327D-03 -0.411428814749D-02
 -0.436112949198D-03 -0.117582108560D-03  0.324180532313D-03 -0.315859622994D-03
  0.163308406617D-02 -0.617596156192D-01 -0.745648480588D-03 -0.418959406061D-03
  0.104511174999D-01  0.217353542896D-03 -0.967256640755D-03  0.113441534999D+00
 -0.711584629549D-02  0.185151955811D-03 -0.168717395795D-02  0.173519026276D-01
  0.668802014629D-04 -0.741892623885D-03 -0.978234344328D-02 -0.349177653713D-04
  0.243996892502D-02 -0.102175522633D-01 -0.539077038176D-04 -0.172483270060D-01
  0.184198421287D-02  0.366268377040D-04  0.115267216057D-01 -0.189032503875D-01
  0.188842894826D-03  0.424722941981D-01 -0.226235659938D-01  0.678147678467D-04
 -0.414325727459D-02  0.776870293327D-02 -0.368480108063D-04 -0.512249259132D-02
  0.101305645594D+00 -0.892110730008D-03 -0.295797351975D+00  0.369703570727D-01
  0.246468252542D-03  0.125921724807D-01 -0.413816400600D-01  0.357875386709D-03
  0.754813791522D+00  0.715844917504D-02  0.193777966517D-03  0.269496526300D-02
 -0.405791338456D-02  0.758413193131D-04  0.106763079288D-02 -0.432989543189D-02
 -0.377147887167D-04 -0.328524711200D-02 -0.408953028293D-02 -0.636526922502D-04
 -0.208782019793D-02  0.101169984841D-02  0.358084943679D-04  0.185819998135D-02
 -0.104989596982D-01  0.197542359341D-03 -0.185165073195D-02  0.268934183000D-03
  0.773923305432D-04 -0.396545996813D-02 -0.617122949805D-02 -0.381669267387D-04
 -0.507448832138D-02  0.123471361443D-01 -0.100641276857D-02  0.348796980503D-01
 -0.223665974927D-03  0.240997494109D-03  0.132012095088D-02 -0.107227191063D+00
  0.440275879345D-03  0.301782883302D-01  0.944518100115D-01  0.230613489546D-03
 -0.347001203277D-03  0.561250951427D-04 -0.223127662812D-03  0.933055506620D-03
  0.477525397729D-04  0.704907528282D-04  0.337213131302D-04  0.109583759290D-03
  0.264783005449D-03  0.105108356308D-02 -0.149600905221D-04  0.290178275763D-04
 -0.516165907708D-04  0.803649037925D-04 -0.261355746201D-03 -0.511174025201D-02
 -0.786153625930D-04  0.188814707548D-03 -0.797486622850D-03 -0.156369346824D-03
 -0.400786118515D-04  0.132041865478D-02 -0.106836085720D-03  0.563980881125D-03
  0.243951430331D-02 -0.243443936817D-03 -0.147381810691D-03  0.100757389261D-01
  0.741483086637D-04 -0.325888983772D-03 -0.336339003545D-01  0.116841171728D-03
  0.145824822910D-03  0.208878533045D-01 -0.485402093178D-02  0.279754155180D-04
  0.248145645718D-02 -0.141833577196D-01 -0.169984024690D-05 -0.410056330080D-02
  0.391452460622D-02 -0.322645358478D-05 -0.750715852672D-02  0.406105077603D-02
  0.687098509019D-05  0.134739676539D-01  0.260165443639D-02  0.109427751001D-04
 -0.106230663956D-01  0.641076720706D-02  0.289617841654D-04 -0.230856541336D-02
  0.130294601833D-01 -0.152131119678D-05  0.346185163992D-02 -0.121129368744D-01
 -0.628811594183D-05  0.295436840688D-02 -0.126690574572D-01  0.117957463042D-05
  0.165890467779D-01  0.305301551316D-02  0.704755808109D-04 -0.820319527614D-02
  0.522456003743D-01 -0.679442146793D-04 -0.319505834868D+00 -0.436443732377D-01
 -0.254616277157D-04  0.321123796059D+00  0.472391240616D-03 -0.404977939985D-04
  0.607334809955D-03  0.281824801470D-03 -0.142447772138D-04  0.186317942842D-02
  0.317454243568D-03  0.765906829181D-05  0.465483652381D-03 -0.134005833014D-02
  0.114811238029D-04 -0.265025189005D-03 -0.346240437146D-03 -0.786185735961D-05
  0.373122730226D-03 -0.683948924497D-03 -0.409595034450D-04 -0.673633926714D-03
 -0.161917796537D-03 -0.149095116288D-04 -0.143008636771D-02 -0.393160719421D-03
  0.802293130710D-05 -0.525793911252D-03 -0.135524240122D-01  0.194749526463D-03
 -0.184150323305D-01 -0.370130548302D-02 -0.536159346359D-04  0.199379291527D-02
 -0.220394281451D+00 -0.778972195764D-04 -0.103711577847D+00  0.151235450808D-01
 -0.255373529785D-04  0.172389647547D-02  0.224070248522D+00  0.114478953307D-03
 -0.718727878861D-03 -0.163245930259D-04 -0.118211003776D-03  0.448644689612D-04
  0.705177479886D-04 -0.112403252684D-05  0.215840528680D-03 -0.264246832509D-05
  0.565054469943D-04  0.224823621690D-03  0.362921473908D-04 -0.262852788893D-05
  0.365679302231D-04 -0.835725557100D-06 -0.119555024129D-03  0.673659358632D-02
  0.166316751028D-04  0.120752796210D-03 -0.880769447404D-04 -0.580069144749D-04
 -0.807571060688D-06 -0.171650483097D-03  0.130784672746D-05  0.936982718482D-04
  0.108037158306D-01  0.591470814626D-04 -0.378236016818D-04 -0.936849135831D-02
  0.247486817561D-05  0.427550349471D-05 -0.360751545598D-01 -0.343073298287D-04
 -0.305191691816D-04  0.404395182047D-02 -0.139758908057D-04  0.775203700026D-05
  0.234685089848D-01  0.149624154208D-01  0.943512697589D-04 -0.585717662040D-02
 -0.641896568243D-02  0.719403219109D-04  0.297368872173D-02 -0.965846436302D-03
 -0.202382944903D-04  0.251127936507D-02  0.938902104460D-02 -0.694374247323D-04
  0.808676397039D-03 -0.314704421644D-02  0.753674369582D-05  0.407844575519D-02
 -0.162281218994D-01  0.956923040091D-04  0.545186979808D-02  0.617264514083D-02
  0.694427997469D-04 -0.295373238940D-02  0.124810477975D-02 -0.207892552939D-04
 -0.269926677652D-02  0.346004839660D-01 -0.879819565041D-03  0.205877136061D-01
 -0.398936797166D-02  0.273026443083D-04  0.421854429229D-02 -0.121079387016D+00
  0.563813900963D-03 -0.191329799298D+00 -0.177988848268D-01  0.192283704196D-03
 -0.857120669193D-02  0.119444080496D+00  0.107631542961D-04  0.175021257774D+00
 -0.359307409639D+00  0.361271326111D-04 -0.394347273767D-01  0.319704095809D-01
 -0.111706014383D-03 -0.384849019601D-01  0.878938209231D-02  0.251251760047D-05
 -0.472567859036D-02  0.391971589947D-02  0.129499200113D-03  0.637884242474D-02
 -0.340987379274D-02  0.451784620215D-04 -0.177912753880D-01 -0.474728959067D-01
  0.390696063635D-04 -0.361056609487D-01 -0.378417752861D-02 -0.103916060488D-03
  0.350261465699D-01 -0.890299918355D-02 -0.157070073743D-05  0.484295878552D-02
 -0.283572781688D-01  0.124013307022D-02  0.439595036055D-01  0.338447833548D-03
  0.375339449421D-03 -0.172879226563D-01  0.519236753037D-01 -0.119954225151D-02
 -0.136391805312D-01  0.169205417094D-02 -0.420218056600D-03  0.146829960030D-01
  0.513757776895D-02 -0.100741740680D-03 -0.229249492119D-01  0.976883264493D+00
 -0.151487818644D-03 -0.132460211021D+00 -0.385978649708D-03  0.811667033052D-04
  0.820880692041D-02  0.377244372511D-03 -0.358303578264D-03 -0.719930988155D-02
 -0.567126744006D-03 -0.836232119963D-03  0.586413418130D-02  0.381080407846D-03
 -0.153274068117D-03  0.542131906645D-03 -0.408893560281D-03  0.264091208490D-03
 -0.330602598950D-04  0.496165307327D-03  0.110279697115D-03  0.560884830936D-02
  0.261373620733D-03  0.192766046091D-03  0.513345043753D-03  0.544376163495D-03
 -0.201367179722D-02  0.273824235798D-02  0.174243313967D-02  0.403915229219D-03
  0.111766822733D-02 -0.349072555173D-03  0.166340584926D-02  0.129706273026D-02
 -0.870059445940D-03 -0.983615678837D-03  0.105635456837D-02  0.380738922087D-05
  0.189333208669D-03  0.179725024611D-02 -0.869056869910D-03  0.124516545680D-02
  0.221337634763D+00 -0.443090108748D-01  0.402298727915D-03 -0.358234607004D+00
 -0.491440903330D-01  0.160123415892D-03 -0.583789942963D-02 -0.856577602907D-02
 -0.785679314834D-04 -0.250550826083D-02  0.126456379188D-01 -0.135064393287D-03
 -0.188819546689D-01  0.346246583098D-02  0.734132531432D-04  0.122257115099D-01
 -0.214687534924D-01  0.410348909956D-03 -0.140183762590D-01  0.481562516426D-02
  0.162138434557D-03  0.239548993152D-02  0.885422180540D-02 -0.790161656277D-04
 -0.165054235551D-02  0.475215491819D-01 -0.210970277704D-02 -0.176581644135D-01
 -0.344597864067D-02  0.495165966432D-03  0.896538881954D-02 -0.393376170232D-01
  0.931987736642D-03  0.206568077624D-01 -0.373790516145D-03  0.308003626841D-03
 -0.910682799353D-02 -0.308687333462D-02 -0.605132809106D-04  0.694578441575D-02
 -0.663307629868D-01 -0.206607460743D-02  0.911789431147D+00  0.120763149391D-01
 -0.316509131959D-04 -0.324890261965D-01 -0.145868366833D-02  0.310313400656D-04
  0.820950565735D-02 -0.565812503166D-03  0.392170497266D-05  0.414222879352D-03
 -0.683846751528D-03 -0.372941337046D-04  0.177287573118D-02 -0.597347906303D-03
 -0.180340359046D-04  0.182402730283D-02  0.468921085803D-02 -0.333858364996D-04
  0.610422075274D-02  0.136290757163D-02  0.277997312653D-04 -0.707065653376D-02
  0.649251316956D-03  0.319147730380D-05 -0.605783602950D-03 -0.141072050890D-04
 -0.328019962537D-03 -0.339181723570D-02 -0.810980359716D-03 -0.152815343993D-03
  0.278940222964D-02 -0.908287799834D-03  0.369734890662D-03 -0.285752143098D-02
  0.295862067330D-04  0.130034651729D-03 -0.292077947876D-02  0.838182010502D-03
  0.366769805934D-04  0.493410303567D-02 -0.126927828113D+00 -0.330368055320D-03
  0.249340908471D-01  0.112816488153D+00 -0.551894369349D-03  0.131228296967D-01
  0.101854103813D-03  0.577281757650D-03  0.930756036828D-02 -0.382390443519D-03
  0.362835015372D-04 -0.156221488433D-03  0.628435752881D-04 -0.202223664314D-03
  0.828946049937D-03 -0.209219155865D-03  0.216074627341D-04 -0.147654221480D-03
  0.408332039052D-04  0.566098327250D-03 -0.729110315493D-03 -0.112305862784D-03
 -0.605434687474D-03 -0.108727878615D-02  0.267191747022D-03 -0.136064724527D-04
  0.205819541747D-03 -0.550063093922D-04 -0.282641745915D-03  0.111786171369D-02
 -0.449381148994D-03  0.150379238259D-03 -0.291192211216D-03  0.202922381667D-04
 -0.164734448912D-03  0.105641058415D-03  0.241939399334D-03  0.236688561483D-03
 -0.273742593719D-03  0.667464542446D-04 -0.530094320577D-04 -0.312547462435D-03
  0.256066178520D-04  0.371408858147D-03 -0.721531361877D-01  0.486459728331D-03
 -0.151921365966D-03  0.481985477260D-01 -0.620920528252D-02 -0.203075229888D-04
 -0.222991978299D-02 -0.694984338832D-02 -0.181510742264D-04 -0.341768435343D-02
  0.472034247668D-02  0.393557292503D-05 -0.434231858044D-02  0.975143604177D-03
  0.170598409474D-04  0.942963979056D-02  0.172364213938D-02 -0.187780542584D-05
 -0.850078155738D-02  0.928251420195D-02 -0.211446588108D-04 -0.157616218107D-02
  0.694950023654D-02 -0.161984111506D-04  0.337753653740D-02 -0.466067443015D-02
  0.512734866484D-05  0.426945079666D-02 -0.178205177455D-01  0.210076560579D-03
  0.806926251139D-02  0.283910442982D-02 -0.203143494813D-05 -0.668517603795D-02
  0.111807802340D-01 -0.139822795858D-03 -0.718507187462D-02 -0.838241004011D-03
 -0.472122702714D-04  0.821288471952D-02 -0.827714805490D-03 -0.401761316657D-05
 -0.402892840951D-02  0.420245932357D-01  0.209065111712D-03 -0.321706196405D+00
 -0.293131568526D-01 -0.425394850502D-06  0.320634920861D+00 -0.143497189860D-01
  0.221822265595D-03  0.265991024466D-03  0.773532749862D-04  0.130333082690D-03
 -0.564184523702D-02 -0.833761727949D-02 -0.466690835700D-04  0.400544470809D-02
  0.859738532103D-02 -0.121810163179D-03 -0.146413736199D-01 -0.472737320025D-03
  0.278119159139D-04  0.144809443488D-01  0.345427989293D-02  0.225972341179D-03
  0.144356403732D-01 -0.696961391805D-02  0.129068073878D-03 -0.419680186439D-03
  0.743386299596D-02 -0.453805716599D-04 -0.611035867581D-02  0.527944004793D-01
 -0.164116231551D-02 -0.375101234859D-01 -0.113213659945D-02  0.163235457117D-03
  0.109257285539D-01 -0.494983214554D-01  0.943171520469D-03  0.235440532964D-01
  0.458681753710D-04  0.320255157150D-03 -0.938374207539D-02 -0.489169173711D-02
 -0.186186458271D-05  0.874389586703D-02 -0.476337496984D+00 -0.161633510170D-02
  0.114085816590D+00  0.135180264822D-01  0.158958342909D-03 -0.841039639570D-02
  0.812579761012D+00  0.650695328281D-03  0.574883968750D-02  0.155450669505D-03
 -0.628595843258D-03 -0.411766907210D-02  0.127813458296D-03  0.203697772775D-03
  0.309731002224D-03  0.317012863833D-03  0.761062482769D-03 -0.101586864979D-03
 -0.464130269534D-04  0.806812016860D-04  0.451765744273D-03  0.233098062885D-03
 -0.739680426481D-03 -0.459410691808D-03 -0.219832546771D-03  0.528560995955D-03
  0.874519359207D-04 -0.440481331703D-03 -0.115071792027D-03 -0.280714342307D-03
 -0.309190666126D-03  0.162953332774D-02  0.132091707812D-02 -0.718261874736D-03
 -0.420022947999D-03  0.999094190068D-04  0.214317290361D-03 -0.949807163873D-03
 -0.980373234404D-04  0.341648116301D-03  0.422376442495D-03 -0.367197818714D-03
 -0.709671457945D-04 -0.742628635354D-04 -0.111897043299D-03  0.556166894043D-03
 -0.120250023150D-02 -0.620918918906D-01  0.898727317827D-03  0.371903461029D-03
  0.104780862713D-01 -0.138881382509D-03  0.922462222420D-03  0.113803296582D+00
 -0.191646234529D-01 -0.176424936142D-03  0.425512044811D-01 -0.220836079289D-01
 -0.658492523559D-04 -0.218558597563D-02  0.754553447514D-02  0.337340038237D-04
 -0.526834425204D-02  0.993969364389D-02  0.538957773226D-04  0.168814364479D-01
 -0.182812515917D-02 -0.342850465062D-04 -0.112921954710D-01 -0.785375075934D-02
 -0.180219999508D-03 -0.177757039916D-02  0.170338058700D-01 -0.669593215936D-04
  0.137073386028D-02 -0.956134954468D-02  0.349917233412D-04  0.208755267242D-02
 -0.152681480564D-01  0.876046608043D-03  0.200447212044D-01 -0.283327110743D-02
 -0.229515697953D-03 -0.731865071715D-02  0.245342760810D-01 -0.364732342523D-03
 -0.169236944160D-01  0.144493403376D-02 -0.119982795005D-03  0.904336537888D-02
  0.240794357078D-02  0.304697253606D-04 -0.749643802536D-03  0.984613656331D-01
  0.855558052948D-03 -0.295681546122D+00  0.369651499597D-01 -0.224588956884D-03
  0.122271659686D-01 -0.392107015462D-01 -0.348121738414D-03  0.753768678458D+00
 -0.105521534064D-01 -0.198028425091D-03 -0.176680184142D-02  0.616033011967D-03
 -0.782490660876D-04 -0.179468061807D-02 -0.656517419249D-02  0.373775816849D-04
 -0.516941730384D-02  0.429269089497D-02  0.644494768936D-04  0.211588187190D-02
 -0.105029249656D-02 -0.377906991912D-04 -0.183960053997D-02  0.696732644246D-02
 -0.201915728122D-03  0.287478737402D-02 -0.342887632129D-02 -0.785212800759D-04
  0.295637269670D-02 -0.469541470663D-02  0.401915549478D-04 -0.337969240013D-02
  0.253000573061D-03  0.102949996242D-02 -0.124153304010D-02  0.178227344205D-03
 -0.246740120585D-03 -0.116731845955D-02 -0.232950480031D-03 -0.450373804164D-03
  0.145662522766D-02  0.396899855980D-02 -0.148300493343D-03  0.429178770529D-02
 -0.109758797702D-02  0.315334885850D-04  0.143153315311D-03  0.106382197360D-01
  0.100633199280D-02  0.338578158768D-01 -0.174960467425D-05 -0.241048597280D-03
  0.929110197556D-03 -0.107435443784D+00 -0.433009195293D-03  0.302898083816D-01
  0.945587603979D-01  0.226911666087D-03 -0.512583180894D-02  0.569050840171D-04
 -0.219415986046D-03 -0.796779383661D-03  0.442665985668D-04  0.717486539428D-04
  0.132083873691D-02  0.111329281222D-03  0.265897877050D-03 -0.113384027216D-02
 -0.172193876102D-04  0.291355148334D-04  0.957949022854D-04  0.815910329216D-04
 -0.258145249837D-03 -0.354186111012D-03 -0.792485194659D-04  0.183939292892D-03
  0.933734089997D-03 -0.154598616810D-03 -0.404182351210D-04  0.337056127889D-04
 -0.108574839483D-03  0.571003112752D-03  0.108024467892D-02 -0.252781813642D-03
 -0.146738793203D-03 -0.275994386672D-03  0.744166093494D-04 -0.334242288036D-03
 -0.381645173961D-03  0.120967693051D-03  0.148593740707D-03 -0.898484946021D-04
 -0.234323442723D-04 -0.264591177161D-04 -0.133403860423D-03  0.194675339094D-03
 -0.417687205540D-03  0.246851499474D-02  0.315019039730D-03  0.130304759852D-03
  0.100953620957D-01 -0.486386301932D-04  0.322216206012D-03 -0.337055298898D-01
 -0.122824018863D-03 -0.153233218426D-03  0.209268190949D-01  0.590967912280D-02
 -0.428592514586D-04 -0.261007555216D-02  0.124420595225D-01 -0.274689041611D-05
  0.425395136138D-02 -0.121923015890D-01  0.867631331874D-05  0.274338997978D-02
 -0.380591008483D-02  0.215030581512D-06 -0.128344062623D-01 -0.260513785335D-02
 -0.995377023886D-05  0.102282697277D-01 -0.551972424667D-02 -0.430309665791D-04
  0.247613332934D-02 -0.130477463829D-01 -0.604512352280D-05 -0.367402604434D-02
  0.347003899226D-02  0.650466060136D-05 -0.720358137734D-02  0.147434463299D-01
  0.784811234180D-04 -0.855365448410D-02 -0.295812267517D-02 -0.846638793905D-04
  0.783060903332D-02 -0.968821987770D-02  0.317379324872D-04  0.851102311319D-02
  0.409415480537D-02  0.117664206366D-04 -0.928794765549D-02  0.140744842319D-02
  0.165622673209D-04  0.464342922076D-02 -0.114772070106D-01  0.717795680738D-04
  0.156123113319D-01  0.308227485063D-02 -0.861179518221D-04 -0.809702861005D-02
  0.504648895247D-01  0.362270351265D-04 -0.318673375758D+00 -0.433694179216D-01
  0.128234177775D-04  0.320678216600D+00 -0.435620312271D-03  0.437938376150D-04
 -0.588212014484D-03  0.290133299249D-03  0.156324915244D-04 -0.183540510831D-02
 -0.540235911693D-03 -0.824796509372D-05 -0.342489073400D-03  0.124249107201D-02
 -0.124068824811D-04 -0.232599774239D-03  0.289945607730D-03  0.885847911199D-05
 -0.289860905612D-04  0.444689468614D-03  0.446415870472D-04  0.575559403052D-03
 -0.294017622523D-03  0.162236705274D-04  0.147736119650D-02  0.578726380558D-03
 -0.878437427761D-05  0.306291715965D-03  0.615595810000D-02 -0.212150962272D-03
 -0.349819370743D-02  0.793385654751D-03  0.584327453949D-04 -0.517680877364D-03
 -0.568122875866D-02  0.858612383564D-04  0.296514463180D-02 -0.103341595404D-02
  0.282331658953D-04  0.104144445356D-02 -0.169034365574D-02 -0.786719883174D-05
 -0.961376401779D-03 -0.136257106846D-01 -0.206982129430D-03 -0.179718699186D-01
 -0.371043747667D-02  0.568082098482D-04  0.183226325765D-02 -0.220130985286D+00
  0.812983840653D-04 -0.104061167542D+00  0.150452519626D-01  0.288738283376D-04
  0.190999757142D-02  0.224106518465D+00  0.108121981273D-03  0.672989095516D-02
 -0.142575361952D-04 -0.111715597180D-03 -0.882874941450D-04  0.666947629770D-04
 -0.850212594704D-06 -0.172543768132D-03 -0.249346767025D-05  0.529296086940D-04
 -0.264876433973D-03  0.340270376530D-04 -0.194329220928D-05 -0.105999176627D-04
 -0.949951380022D-06 -0.112557905775D-03 -0.727441264414D-03  0.139828975931D-04
  0.113836163876D-03  0.458640732129D-04 -0.552204298239D-04 -0.445722905136D-06
  0.217119856905D-03  0.154514867136D-05  0.890804133302D-04  0.181782303352D-02
  0.565487567118D-04 -0.355034024770D-04 -0.314254495992D-03  0.226733846393D-05
  0.279575137394D-05 -0.121073833532D-03 -0.316332773735D-04 -0.291859311642D-04
 -0.131971544295D-03 -0.134910927150D-04  0.678749119639D-05 -0.119722379389D-03
  0.974933609587D-05 -0.914221658843D-04  0.108310042791D-01 -0.584186649920D-04
  0.345404266161D-04 -0.938422187368D-02 -0.326788138619D-05 -0.432614346448D-05
 -0.360947748743D-01  0.292777021664D-04  0.293923126065D-04  0.404330127027D-02
  0.148563639463D-04 -0.776159497759D-05  0.234831359038D-01 -0.150499597526D-01
 -0.867140765210D-04  0.596034909406D-02  0.723881709368D-02 -0.682011478714D-04
 -0.311535421485D-02  0.703260722203D-03  0.187080528595D-04 -0.228356952639D-02
 -0.956658223585D-02  0.660438908173D-04 -0.150967159302D-02  0.312908277683D-02
 -0.642649240852D-05 -0.363744224913D-02  0.162410886928D-01 -0.880149129380D-04
 -0.554610637931D-02 -0.688958277806D-02 -0.656617727937D-04  0.302098981433D-02
 -0.108450609883D-02  0.192451315962D-04  0.244439911045D-02 -0.238471983737D-01
  0.831377720345D-03  0.585995215241D-02  0.524787865518D-02 -0.200081826568D-04
 -0.403410312358D-02  0.827934239563D-02 -0.538646625390D-03  0.183072139282D-04
  0.286671410566D-03 -0.183822936618D-03  0.442753151752D-02 -0.108274124114D-02
 -0.115134597595D-04 -0.610555611746D-02  0.324154919671D-01  0.821724129144D-03
  0.208459905693D-01 -0.371540118377D-02 -0.182562203647D-04  0.363629121089D-02
 -0.120049211754D+00 -0.531590822836D-03 -0.191790835959D+00 -0.180248596932D-01
 -0.186005652814D-03 -0.821351944736D-02  0.119446289629D+00 -0.102511949666D-04
  0.174811778550D+00 -0.386146490940D+00 -0.996450681034D-04  0.103047003670D+00
  0.434101358996D-01 -0.122497190545D-03 -0.106871787916D-01 -0.458353950726D-02
  0.241204322623D-04  0.501355243729D-02 -0.249379089152D-02  0.124826252216D-03
 -0.173300543406D-01 -0.857007585165D-03  0.546938180422D-05  0.482880328630D-02
 -0.647592303955D-02 -0.998369395967D-04 -0.277586756905D-01 -0.432299145174D+00
 -0.117220680883D-03 -0.851101129585D-01 -0.518989732562D-02  0.249524660611D-04
 -0.202786441093D-01  0.715669541582D-02  0.146112828086D-02  0.162496058099D-01
 -0.153586847460D-02  0.937769747072D-04  0.525943444528D-03  0.874132792099D-02
 -0.107273317787D-02  0.842309218087D-02  0.225676509916D-02 -0.369858773944D-03
 -0.478874753635D-02  0.175802996561D-02 -0.454213508187D-04 -0.929723092639D-02
 -0.204732383927D-01  0.144738443283D-02  0.411124944612D-02 -0.589009197326D-02
  0.950705405906D-04 -0.537838057200D-02 -0.971898375857D-02 -0.106260724157D-02
 -0.828967121797D-02 -0.213136575422D-02 -0.372217495431D-03  0.466010717402D-02
 -0.153446627951D-02 -0.421058345018D-04  0.947570230744D-02  0.944045436694D+00
 -0.518813891978D-04 -0.133515381035D+00 -0.234397184274D-04  0.483528284508D-04
  0.126217550892D-01  0.212599774439D-05 -0.257617345093D-04  0.943067830451D-02
 -0.403639678908D-04 -0.811418331755D-04 -0.823088635744D-02  0.152205831110D-04
 -0.105876536928D-04  0.128829979947D-02 -0.294751627475D-04  0.620364432958D-04
  0.114817722436D-01  0.310355855208D-04 -0.350713699619D-04 -0.110376136043D+00
  0.399210860433D-04  0.142891398540D-04  0.114557003375D-01  0.392522127283D-04
 -0.181091672184D-03  0.585598505819D-02  0.106260470498D-03  0.427138601351D-04
  0.831840184913D-03 -0.258670617631D-04  0.120774588780D-03 -0.932940670981D-04
 -0.515221608426D-04 -0.605548862614D-04 -0.113282962527D-02  0.432267103353D-05
  0.110832821756D-04 -0.262820608328D-03 -0.671176028851D-04  0.124962071513D-03
  0.185344102530D-01 -0.128086191344D-03 -0.374092911586D-04 -0.952899633579D-02
  0.170178010711D-04 -0.116102420233D-03  0.567468861922D-02  0.515672196277D-04
  0.626646461866D-04  0.105049878235D-02 -0.147322565062D-05 -0.123411284511D-04
  0.223943815541D-03  0.639390276985D-04  0.121678914269D-03  0.255371263202D+00
  0.477007490525D-01  0.153564232697D-03 -0.359858680658D+00  0.819167263360D-01
  0.365084399593D-04 -0.646529927309D-03 -0.106062261016D-01 -0.280706298045D-04
  0.738692383756D-02 -0.204612729689D-01 -0.240614069619D-04 -0.628675178811D-01
 -0.436752243824D-03  0.358215337398D-04  0.154911919256D-01 -0.399188741556D-01
  0.157375886608D-03  0.219260247956D-02 -0.945634578017D-01  0.386078157195D-04
 -0.333158187605D+00  0.253508737863D-01 -0.292192597299D-04  0.193883159769D-01
  0.615673704675D-02 -0.524294347187D-03 -0.191240218587D-01  0.249016887213D-02
  0.254538387394D-03  0.939728405099D-02 -0.162362850506D-01  0.103565779222D-03
  0.185250861567D-01  0.264171427958D-02  0.299144433814D-04 -0.134865855890D-01
  0.118139945062D-03 -0.426688692798D-04 -0.138186484586D-02 -0.293655702405D-01
 -0.505845300342D-03  0.580041737437D-01 -0.671933739800D-02  0.250530947028D-03
 -0.111002746359D-01  0.146514414676D-01  0.891276989876D-04 -0.178826343593D-01
 -0.268326886721D-02  0.323260027956D-04  0.126948937326D-01  0.459310150418D-03
 -0.397577131720D-04  0.206521445906D-02  0.340002968566D-01 -0.218940344126D-04
  0.100680756879D+01  0.141873881954D-01 -0.629981515893D-05  0.361185647601D-01
 -0.594505688968D-02 -0.367658996866D-05  0.973590430443D-02 -0.155063915387D-02
  0.108814243274D-05 -0.108516395340D-02 -0.992459637659D-03  0.329814921367D-05
 -0.105511201626D-02  0.352755579933D-02 -0.106440197273D-05  0.134313378455D-02
  0.231068558345D-02 -0.631944473574D-05 -0.534230479979D-02  0.237575751599D-01
 -0.385905837283D-05 -0.399056957387D-01 -0.153701818757D-03  0.164616678847D-05
 -0.136418833438D-03 -0.384455284846D-02  0.492775292118D-04  0.283058501290D-02
 -0.398281868497D-03 -0.430699041096D-05  0.178035389651D-02 -0.704606156274D-03
 -0.291598983367D-04 -0.157331785523D-02 -0.723045366886D-03 -0.103009695660D-04
 -0.249918242255D-02  0.253706891119D-03  0.887607124608D-06  0.317327152269D-02
 -0.269383848563D-02  0.464305229027D-04 -0.253949511585D-03 -0.441079417571D-02
 -0.407001668650D-05 -0.204886353709D-02  0.773809474060D-03 -0.267139136868D-04
  0.153190466592D-02  0.672499800430D-03 -0.100670631103D-04  0.247969132503D-02
 -0.270638068837D-03  0.333654167467D-06 -0.315358253924D-02 -0.128038581899D+00
  0.338760416478D-05  0.550488703493D-02  0.104242975465D+00 -0.692619296165D-04
  0.102888024007D-01  0.135883069481D-04  0.730738907683D-04  0.985442326051D-02
 -0.503982665885D-04  0.613490302045D-05 -0.405963026736D-03  0.105000121087D-04
 -0.219762288921D-04  0.128731786086D-02 -0.278273089736D-04  0.315859188332D-05
 -0.383013047144D-03  0.703362063136D-05  0.709218216620D-04  0.727048279045D-02
 -0.161121906766D-04 -0.771849431721D-04  0.111122182183D-01  0.328415458018D-04
 -0.253112413249D-05 -0.972337221895D-02 -0.919080463968D-05 -0.283370957787D-04
  0.527352739625D-03 -0.636979238380D-04  0.169906973181D-04 -0.145268624215D-03
  0.491938691627D-05 -0.269669774404D-04  0.464433766082D-03  0.342497466738D-04
  0.347034305941D-04  0.956431396301D-04  0.672540713897D-05 -0.761330476068D-05
 -0.962443911199D-05  0.713398238333D-05  0.399086025040D-04 -0.797779954046D-02
  0.717578548502D-04 -0.182404858084D-04  0.603446954267D-03 -0.305360114158D-06
  0.283410785645D-04 -0.545976528466D-03 -0.320367068865D-04 -0.342303884700D-04
 -0.517548777015D-04 -0.127390742097D-04  0.788459809064D-05  0.376846920023D-04
 -0.592445452118D-05  0.573607766596D-05 -0.706804916174D-01  0.339303933576D-04
 -0.511214000058D-06  0.483814580978D-01 -0.546144022219D-02 -0.358587613935D-04
  0.121047248431D-02 -0.145196312141D-01 -0.211777781542D-04 -0.368460856766D-02
  0.704092683681D-02  0.726225596408D-05 -0.578295848079D-02  0.601645065344D-02
  0.195362903730D-04  0.159217013307D-01  0.117996688476D-02 -0.485398394758D-05
 -0.118751425856D-01  0.599301244661D-02 -0.367293721927D-04 -0.573735996347D-03
  0.147894069817D-01 -0.203153601581D-04  0.324618188728D-02 -0.806270813076D-02
  0.756698868789D-05  0.514868675032D-02 -0.184595981378D-01  0.261163746356D-03
  0.116725435282D-01  0.163255789207D-02 -0.275256042337D-04 -0.858293990136D-02
  0.154960879517D-01 -0.148597454084D-03 -0.118712770929D-01 -0.154642198175D-02
 -0.500795213583D-04  0.109326830994D-01 -0.385943493570D-03  0.639631308382D-06
 -0.356351439459D-02  0.197759386766D-01  0.257500470112D-03 -0.121594663188D-01
 -0.194639333322D-02 -0.266065705088D-04  0.901239003207D-02 -0.142264127773D-01
 -0.145848871321D-03  0.115692187607D-01  0.152124803821D-02 -0.509962753698D-04
 -0.105246122387D-01  0.243184985504D-04  0.791865395988D-06  0.314535491797D-02
 -0.141666046990D-02  0.185764708868D-04 -0.332446957797D+00 -0.744470509978D-02
 -0.444816636212D-05  0.329205980583D+00
$end
