$optinfo
 gdiistep   on
 trostep    off
 calchess   off
 iteration   9
 ndiis       3
 itrvec      0
 tradius    3.000000000000E-01
 actrad     1.039886203937E-01
 energyo   -3.818348742934E+02
 predengy  -5.906564886973E-04
 trnvec
  0.000000000000D+00  0.000000000000D+00  0.000000000000D+00
  0.000000000000D+00  0.000000000000D+00  0.000000000000D+00
  0.000000000000D+00  0.000000000000D+00  0.000000000000D+00
  0.000000000000D+00  0.000000000000D+00  0.000000000000D+00
  0.000000000000D+00  0.000000000000D+00  0.000000000000D+00
  0.000000000000D+00  0.000000000000D+00  0.000000000000D+00
  0.000000000000D+00  0.000000000000D+00  0.000000000000D+00
  0.000000000000D+00  0.000000000000D+00  0.000000000000D+00
  0.000000000000D+00  0.000000000000D+00  0.000000000000D+00
  0.000000000000D+00  0.000000000000D+00  0.000000000000D+00
  0.000000000000D+00  0.000000000000D+00  0.000000000000D+00
  0.000000000000D+00  0.000000000000D+00  0.000000000000D+00
  0.000000000000D+00  0.000000000000D+00  0.000000000000D+00
  0.000000000000D+00  0.000000000000D+00  0.000000000000D+00
  0.000000000000D+00  0.000000000000D+00  0.000000000000D+00
  0.000000000000D+00  0.000000000000D+00  0.000000000000D+00
  0.000000000000D+00  0.000000000000D+00  0.000000000000D+00
  0.000000000000D+00  0.000000000000D+00  0.000000000000D+00
  0.000000000000D+00  0.000000000000D+00  0.000000000000D+00
  0.000000000000D+00  0.000000000000D+00  0.000000000000D+00
 displ
 -0.233141301857D-03 -0.990172301095D-04  0.209805181223D-03
  0.197906612253D-03 -0.986658279187D-04  0.142334621363D-03
  0.327431121878D-03 -0.112875440748D-03  0.401851445724D-03
  0.291255801534D-03 -0.117854165257D-03 -0.821657625556D-04
  0.420688405522D-03 -0.126870096854D-03 -0.757346803644D-04
  0.234069637775D-03 -0.100448588924D-03 -0.210500740236D-03
 -0.198651463212D-03 -0.100160320481D-03 -0.144746162396D-03
 -0.326893231787D-03 -0.116146161026D-03 -0.401166925780D-03
  0.158965889096D-03 -0.965894727230D-04 -0.249425680281D-03
  0.171604005382D-03 -0.201872362072D-03 -0.252685424751D-03
  0.336982723415D-03  0.200121352312D-03  0.240241710760D-03
  0.107235153274D-02  0.420877916777D-03  0.391137267766D-03
 -0.400359786354D-04  0.236481891018D-03  0.702062024454D-03
 -0.158360451347D-03 -0.942785330109D-04  0.249312496360D-03
 -0.161567696984D-03 -0.199225075446D-03  0.252886328544D-03
 -0.339861596752D-03  0.198772257942D-03 -0.237571156912D-03
 -0.107937248231D-02  0.418612483119D-03 -0.390987195968D-03
  0.398843113603D-04  0.234615973802D-03 -0.702041215457D-03
 -0.292767404895D-03 -0.117890061476D-03  0.826648956955D-04
 -0.420488434461D-03 -0.127588538923D-03  0.747289720398D-04
 dxyz
 -0.233141301857D-03 -0.990172301095D-04  0.209805181223D-03
  0.197906612253D-03 -0.986658279187D-04  0.142334621363D-03
  0.327431121878D-03 -0.112875440748D-03  0.401851445724D-03
  0.291255801534D-03 -0.117854165257D-03 -0.821657625556D-04
  0.420688405522D-03 -0.126870096854D-03 -0.757346803644D-04
  0.234069637775D-03 -0.100448588924D-03 -0.210500740236D-03
 -0.198651463212D-03 -0.100160320481D-03 -0.144746162396D-03
 -0.326893231787D-03 -0.116146161026D-03 -0.401166925780D-03
  0.158965889096D-03 -0.965894727230D-04 -0.249425680281D-03
  0.171604005382D-03 -0.201872362072D-03 -0.252685424751D-03
  0.336982723415D-03  0.200121352312D-03  0.240241710760D-03
  0.107235153274D-02  0.420877916777D-03  0.391137267766D-03
 -0.400359786354D-04  0.236481891018D-03  0.702062024454D-03
 -0.158360451347D-03 -0.942785330109D-04  0.249312496360D-03
 -0.161567696984D-03 -0.199225075446D-03  0.252886328544D-03
 -0.339861596752D-03  0.198772257942D-03 -0.237571156912D-03
 -0.107937248231D-02  0.418612483119D-03 -0.390987195968D-03
  0.398843113603D-04  0.234615973802D-03 -0.702041215457D-03
 -0.292767404895D-03 -0.117890061476D-03  0.826648956955D-04
 -0.420488434461D-03 -0.127588538923D-03  0.747289720398D-04
 grado
  0.727872680888D-04 -0.527952163583D-06 -0.374692931397D-05
 -0.727101796217D-04 -0.459954724535D-06  0.453007595617D-04
  0.129293996716D-05  0.115525698674D-06  0.983649901549D-06
  0.305820262375D-04  0.453790265384D-06  0.228057957035D-04
  0.311528936734D-05 -0.251944273302D-07 -0.178900574633D-05
 -0.756051834679D-04 -0.525573760124D-06  0.354791143333D-05
  0.736746042618D-04 -0.457403888013D-06 -0.415477020486D-04
 -0.187019684776D-05  0.124246237993D-06 -0.137923900433D-05
  0.544818464195D-04  0.570638103897D-05  0.381698024097D-04
 -0.218466378316D-04  0.269753526367D-07 -0.339907674819D-05
  0.775835618638D-05 -0.385870656520D-05 -0.236727691738D-04
 -0.182515386492D-04 -0.132970193950D-05 -0.103266537574D-04
  0.527419702735D-05 -0.975154591192D-07 -0.157291158384D-05
 -0.542948480238D-04  0.561208902136D-05 -0.373302098663D-04
  0.207984084760D-04  0.351497636573D-07  0.300039603257D-05
 -0.722799387197D-05 -0.378545896812D-05  0.215794439016D-04
  0.185085061839D-04 -0.133636794594D-05  0.112903198313D-04
 -0.560480324330D-05 -0.967883501954D-07  0.137816352521D-05
 -0.272522581608D-04  0.445794385924D-06 -0.251880098691D-04
 -0.361250278494D-05 -0.184800795966D-07  0.189962132965D-05
$end
