$grad          cartesian gradients
  cycle =      1    UFF energy =      0.1303672890   |dE/dxyz| =  0.218025
    0.00000000000000      0.00000000000000      0.00000000000000      c       
    0.00000000000000      0.00000000000000      2.68530063036900      c       
   -1.80090886751700      0.00000000000000      3.71520129437400      h       
    2.27523009075600      0.00000000000000      4.04401361646000      c       
    2.22987666702000      0.00000000000000      6.12082247837100      h       
    4.65250538491800      0.00000000000000      2.79112528575300      c       
    4.65250538491800      0.00000000000000      0.10582465538400      c       
    6.45341425243500      0.00000000000000     -0.92407600862100      h       
    7.02600122710200      0.00000000000000      4.33503141876600      c       
    6.71419643891700      0.00000000000000      6.39105329479800      h       
    9.40705597324200      0.00000000000000      3.45063965591400      c       
    9.84736212867900      0.00000000000000      1.42674312169500      h       
   11.03033059779300      0.00000000000000      4.73754305442300      h       
   -2.37160611619500      0.00000000000000     -1.54390613301300      c       
   -2.06169105399900      0.00000000000000     -3.59992800904500      h       
   -4.75455058832400      0.00000000000000     -0.65951437016100      c       
   -5.19485674376100      0.00000000000000      1.36438216405800      h       
   -6.37782521287500      0.00000000000000     -1.94641776867000      h       
    2.37727529416200      0.00000000000000     -1.25288833070700      c       
    2.42262871789800      0.00000000000000     -3.32969719261800      h       
  0.45984188395637D-01  0.00000000000000D+00  0.25557238530984D-01
  -.25098943577989D-01  0.00000000000000D+00  0.35031777249118D-01
  -.10998696869514D-01  0.00000000000000D+00  0.39316761230529D-03
  -.18171535670828D-01  0.00000000000000D+00  0.40292151067172D-01
  0.33894575125872D-02  0.00000000000000D+00  0.81164294266324D-02
  -.46754971734446D-01  0.00000000000000D+00  -.25700631096819D-01
  0.25151309800855D-01  0.00000000000000D+00  -.35032150117565D-01
  0.10999347013908D-01  0.00000000000000D+00  -.39405171507983D-03
  0.11925819581807D+00  0.00000000000000D+00  0.49802400782270D-01
  -.11026408108747D-01  0.00000000000000D+00  0.61356989294978D-02
  -.36626731705956D-02  0.00000000000000D+00  0.13102004753376D-01
  0.22623264426601D-02  0.00000000000000D+00  -.77481818551437D-02
  0.72684661430504D-02  0.00000000000000D+00  0.83410514998122D-03
  -.11746466253395D+00  0.00000000000000D+00  -.49847982669487D-01
  0.10787946882008D-01  0.00000000000000D+00  -.60881018256601D-02
  0.28552610560092D-02  0.00000000000000D+00  -.12940655312627D-01
  -.22388081422095D-02  0.00000000000000D+00  0.77533986413461D-02
  -.72837906115848D-02  0.00000000000000D+00  -.81494900009267D-03
  0.18145723071414D-01  0.00000000000000D+00  -.40340121623005D-01
  -.34017317163360D-02  0.00000000000000D+00  -.81115469272039D-02
$end
