$coord
   -2.67622623992397      0.44439563855966      0.00000000000000      c
   -1.69061722801977     -2.05385822930019      0.00000000000000      c
    0.92408788032882     -2.48290270322554      0.00000000000000      c
    2.67622625318499     -0.44439567391462      0.00000000000000      c
    1.69061724514410      2.05385817887172      0.00000000000000      c
   -2.98745279996637     -3.67256797625926      0.00000000000000      h
    1.64427330868599     -4.43009262586854      0.00000000000000      h
    2.98745281314425      3.67256792722633      0.00000000000000      h
    5.44921111525035     -1.00920895482061      0.00000000000000      c
    7.34115322564109      0.68611591685357      0.00000000000000      c
    7.01039644450949      2.73074406737310      0.00000000000000      h
    5.91400233161618     -3.03608528982595      0.00000000000000      h
    9.32289366720131      0.08281849270326      0.00000000000000      h
   -5.44921108963089      1.00920896987732      0.00000000000000      c
   -5.91400225521142      3.03608531706101      0.00000000000000      h
   -7.34115328048192     -0.68611581450573      0.00000000000000      c
   -7.01039662149078     -2.73074398390435      0.00000000000000      h
   -9.32289368757632     -0.08281827925927      0.00000000000000      h
   -0.92408787511164      2.48290265194710      0.00000000000000      c
   -1.64427327695133      4.43009258499368      0.00000000000000      h
$redundant
     number_of_atoms            20
     degrees_of_freedom         37
     internal_coordinates       37
     frozen_coordinates          0
# definitions of redundant internals
   1 k  1.0000000000000 stre    4    9           val=   2.80786
   2 k  1.0000000000000 stre   10   13           val=   2.02201
   3 k  1.0000000000000 stre   10   11           val=   2.08540
   4 k  1.0000000000000 stre    9   12           val=   2.07548
   5 k  1.0000000000000 stre   14   15           val=   2.07548
   6 k  1.0000000000000 stre   16   18           val=   2.02201
   7 k  1.0000000000000 stre   16   17           val=   2.08540
   8 k  1.0000000000000 stre   14   16           val=   2.53776
   9 k  1.0000000000000 stre    2    6           val=   2.06909
  10 k  1.0000000000000 stre    1   14           val=   2.80786
  11 k  1.0000000000000 stre    1   19           val=   2.58170
  12 k  1.0000000000000 stre   19    5           val=   2.62521
  13 k  1.0000000000000 stre    5    4           val=   2.62966
  14 k  1.0000000000000 stre    4    3           val=   2.58170
  15 k  1.0000000000000 stre    2    1           val=   2.62966
  16 k  1.0000000000000 stre    3    7           val=   2.07111
  17 k  1.0000000000000 stre    5    8           val=   2.06909
  18 k  1.0000000000000 stre   19   20           val=   2.07111
  19 k  1.0000000000000 stre    3    2           val=   2.62521
  20 k  1.0000000000000 stre    9   10           val=   2.53776
  21 k  0.8111048921448 bend   11   13   10      val=  -1.57146
       -0.4866797562338 bend    9   13   10
       -0.3244251359110 bend    9   11   10
  22 k  0.8111048921448 bend   17   18   16      val=  -1.57146
       -0.4866797562338 bend   14   18   16
       -0.3244251359110 bend   14   17   16
  23 k -1.0000000000000 bend    1    5   19      val=   0.00001
        1.0000000000000 bend   19    4    5
       -1.0000000000000 bend    5    3    4
        1.0000000000000 bend    4    2    3
       -1.0000000000000 bend    3    1    2
        1.0000000000000 bend    2   19    1
  24 k -0.7071067811865 bend    1   20   19      val=  -0.25418
        0.7071067811865 bend    5   20   19
  25 k  0.7071067811865 bend    4    7    3      val=   0.25420
       -0.7071067811865 bend    2    7    3
  26 k -0.7071067811865 bend    3    6    2      val=   0.02958
        0.7071067811865 bend    1    6    2
  27 k  0.7071067811865 bend   19    8    5      val=  -0.02959
       -0.7071067811865 bend    4    8    5
  28 k -0.7071067811865 bend   16   15   14      val=  -2.68615
        0.7071067811865 bend    1   15   14
  29 k -0.7071067811865 bend   10   12    9      val=  -2.68620
        0.7071067811865 bend    4   12    9
  30 k -0.0936777487206 bend   17   18   16      val=  -1.12065
       -0.6555985673710 bend   14   18   16
        0.7492763160916 bend   14   17   16
  31 k -0.0936777487206 bend   11   13   10      val=  -1.12065
       -0.6555985673710 bend    9   13   10
        0.7492763160916 bend    9   11   10
  32 k -0.5000000000000 bend    1    5   19      val=   0.10223
       -0.5000000000000 bend   19    4    5
        1.0000000000000 bend    5    3    4
       -0.5000000000000 bend    4    2    3
       -0.5000000000000 bend    3    1    2
        1.0000000000000 bend    2   19    1
  33 k  0.8660254037844 bend    1    5   19      val=  -0.32875
       -0.8660254037844 bend   19    4    5
        0.8660254037844 bend    4    2    3
       -0.8660254037844 bend    3    1    2
  34 k  0.7071067811865 bend    3    9    4      val=   0.04146
       -0.7071067811865 bend    5    9    4
  35 k -0.7071067811865 bend   19   14    1      val=  -0.04146
        0.7071067811865 bend    2   14    1
  36 k  1.0000000000000 bend    1   16   14      val= 123.60169
  37 k  1.0000000000000 bend    4   10    9      val= 123.60169
        37 non zero eigenvalues  of BmBt
           1           4.554301415    1    0
         1
           2           4.448918250    2    0
         2
           3           4.216127401    3    0
         3
           4           4.035195578    4    0
         4
           5           3.856590628    5    0
         5
           6           3.713670798    6    0
         6
           7           3.543152771    7    0
         7
           8           3.387984780    8    0
         8
           9           3.228361306    9    0
         9
          10           3.099949539   10    0
        10
          11           2.684405302   11    0
        11
          12           2.427403641   12    0
        12
          13           2.308803057   13    0
        13
          14           2.207059278   14    0
        14
          15           2.053366556   15    0
        15
          16           1.914955017   16    0
        16
          17           1.564422369   17    0
        17
          18           1.383791140   18    0
        18
          19           1.101875137   19    0
        19
          20           1.013765331   20    0
        20
          21           0.898828565   21    0
        21
          22           0.898294751   22    0
        22
          23           0.581509575   23    0
        23
          24           0.580002138   24    0
        24
          25           0.391983040   25    0
        25
          26           0.362048266   26    0
        26
          27           0.355854650   27    0
        27
          28           0.353900110   28    0
        28
          29           0.342536681   29    0
        29
          30           0.333651441   30    0
        30
          31           0.286202112   31    0
        31
          32           0.189186661   32    0
        32
          33           0.170966250   33    0
        33
          34           0.103330448   34    0
        34
          35           0.084815561   35    0
        35
          36           0.024900042   36    0
        36
          37           0.013723613   37    0
        37
$user-defined bonds
$end
