$energy      SCF               SCFKIN            SCFPOT
     1 -382.2943080319      376.2725468038     -758.5668548357
     2 -382.2943080924      376.2725598289     -758.5668679213
     3 -382.3043211421      375.7961684708     -758.1004896129
     4 -382.3080436546      375.8357074513     -758.1437511058
     5 -382.3082482513      375.8437964822     -758.1520447335
     6 -382.3082593381      375.8463546265     -758.1546139646
     7 -382.3082604212      375.8469397094     -758.1552001306
     8 -382.3082606553      375.8470070600     -758.1552677153
     9 -382.3082607485      375.8469382029     -758.1551989513
    10 -382.3082607640      375.8469351939     -758.1551959580
    11 -382.3082606879      375.8469347035     -758.1551953914
$end
