$forceapprox          (8f10.5)
# approximate force constant matrix for project :
#  --->    <---
   0.71271
  -0.00121   0.42543
  -0.00695   0.00129   0.73898
   0.00511   0.00100   0.00369   0.58706
   0.00511   0.00100   0.00369  -0.01514   0.58706
  -0.00121   0.00033   0.00129   0.00100   0.00100   0.42543
  -0.00695   0.00129  -0.00259   0.00369   0.00369   0.00129   0.73898
  -0.00341  -0.00156  -0.00524   0.00542   0.00542  -0.00156  -0.00524   0.98614
#  coordinates    9 to   16
   0.02283   0.00141   0.01993   0.00261   0.00261   0.00141   0.01993   0.01728
   0.74647
  -0.00449  -0.00121  -0.00695   0.00511   0.00511  -0.00121  -0.00695  -0.00341
   0.02283   0.71271
   0.00193   0.00133   0.00408   0.00091   0.00091   0.00133   0.00408   0.00131
  -0.00859   0.00193   0.47898
  -0.00710  -0.00041  -0.00495   0.00433   0.00433  -0.00041  -0.00495  -0.00408
   0.03275  -0.00710   0.00547   0.70359
   0.00176  -0.00059  -0.00126   0.00013   0.00013  -0.00059  -0.00126   0.00121
  -0.00044   0.00176   0.00020  -0.00010   0.49948
   0.00193   0.00133   0.00408   0.00092   0.00092   0.00133   0.00408   0.00131
  -0.00859   0.00192   0.00434   0.00547   0.00020   0.47898
   0.00176  -0.00059  -0.00127   0.00013   0.00013  -0.00059  -0.00127   0.00121
  -0.00044   0.00176   0.00020  -0.00010   0.00166   0.00020   0.49947
  -0.00089   0.00005  -0.00085  -0.00013  -0.00013   0.00005  -0.00085  -0.00042
   0.00509  -0.00089   0.00071  -0.00082   0.00004   0.00071   0.00004   0.52063
#  coordinates   17 to   24
   0.02283   0.00141   0.01993   0.00261   0.00261   0.00141   0.01993   0.01728
  -0.11718   0.02283  -0.00859   0.03275  -0.00044  -0.00858  -0.00044   0.00509
   0.74647
  -0.00089   0.00005  -0.00085  -0.00013  -0.00013   0.00005  -0.00085  -0.00042
   0.00509  -0.00089   0.00071  -0.00082   0.00004   0.00071   0.00004  -0.00019
   0.00509   0.52063
  -0.00709  -0.00041  -0.00495   0.00432   0.00432  -0.00041  -0.00495  -0.00408
   0.03275  -0.00709   0.00547  -0.00454  -0.00010   0.00547  -0.00010  -0.00082
   0.03275  -0.00082   0.70359
  -0.00341  -0.00156  -0.00524   0.00542   0.00542  -0.00156  -0.00524  -0.00216
   0.01728  -0.00341   0.00131  -0.00408   0.00121   0.00131   0.00121  -0.00042
   0.01728  -0.00042  -0.00408   0.98614
   0.00549   0.00081   0.00351  -0.01767  -0.01767   0.00081   0.00351   0.00596
   0.00757   0.00549   0.00139   0.00401   0.00044   0.00139   0.00044  -0.00028
   0.00757  -0.00028   0.00400   0.00596   0.16642
   0.00549   0.00081   0.00351  -0.01767  -0.01767   0.00081   0.00351   0.00596
   0.00757   0.00549   0.00139   0.00401   0.00044   0.00139   0.00044  -0.00028
   0.00757  -0.00028   0.00400   0.00596  -0.02079   0.16642
   0.00000   0.00000   0.00000   0.00000   0.00000   0.00000   0.00000   0.00000
   0.00000   0.00000   0.00000   0.00000   0.00000   0.00000   0.00000   0.00000
   0.00000   0.00000   0.00000   0.00000   0.00000   0.00000   0.31379
   0.00674  -0.00129   0.00390   0.00032   0.00032  -0.00129   0.00390   0.00481
  -0.02576   0.00674  -0.00332   0.00698   0.00092  -0.00332   0.00092   0.00132
  -0.02576   0.00132   0.00698   0.00481   0.00128   0.00128   0.00000   0.22828
#  coordinates   25 to   32
  -0.00674   0.00129  -0.00390  -0.00032  -0.00032   0.00129  -0.00390  -0.00481
   0.02576  -0.00674   0.00332  -0.00698  -0.00092   0.00332  -0.00092  -0.00132
   0.02576  -0.00132  -0.00698  -0.00481  -0.00128  -0.00128   0.00000   0.00604
   0.22828
  -0.00941   0.00098  -0.00617   0.00603   0.00603   0.00098  -0.00617  -0.00770
   0.02598  -0.00941   0.00263  -0.01018  -0.00092   0.00263  -0.00093  -0.00146
   0.02598  -0.00146  -0.01018  -0.00770   0.00609   0.00609   0.00000   0.00653
  -0.00653   0.25411
   0.00941  -0.00098   0.00617  -0.00604  -0.00604  -0.00098   0.00617   0.00770
  -0.02598   0.00941  -0.00263   0.01018   0.00092  -0.00263   0.00093   0.00146
  -0.02598   0.00146   0.01018   0.00770  -0.00610  -0.00609   0.00000  -0.00653
   0.00653   0.00958   0.25410
  -0.00078   0.00047   0.00289   0.01533   0.01533   0.00047   0.00289  -0.00287
  -0.02445  -0.00078   0.00161   0.00339  -0.00022   0.00161  -0.00022   0.00128
  -0.02445   0.00128   0.00339  -0.00287   0.01854   0.01854   0.00000  -0.00706
   0.00706   0.00085  -0.00085   0.33682
  -0.00078   0.00047   0.00289   0.01532   0.01532   0.00047   0.00289  -0.00287
  -0.02445  -0.00078   0.00161   0.00339  -0.00022   0.00161  -0.00022   0.00128
  -0.02445   0.00128   0.00339  -0.00287   0.01854   0.01854   0.00000  -0.00706
   0.00706   0.00085  -0.00085  -0.01589   0.33681
  -0.00308   0.00170  -0.00007   0.00169   0.00169   0.00170  -0.00007  -0.00271
   0.00529  -0.00308   0.00310  -0.00170  -0.00070   0.00310  -0.00070  -0.00037
   0.00529  -0.00037  -0.00170  -0.00271   0.00178   0.00178   0.00000   0.00090
  -0.00090  -0.00191   0.00191   0.00253   0.00253   0.18278
  -0.00308   0.00170  -0.00007   0.00169   0.00169   0.00170  -0.00007  -0.00271
   0.00529  -0.00308   0.00310  -0.00170  -0.00070   0.00310  -0.00070  -0.00037
   0.00529  -0.00037  -0.00170  -0.00271   0.00178   0.00178   0.00000   0.00090
  -0.00090  -0.00191   0.00191   0.00253   0.00253   0.00101   0.18278
  -0.00375   0.00306   0.00430  -0.00171  -0.00171   0.00306   0.00430  -0.00637
  -0.01104  -0.00375  -0.00230  -0.00607  -0.00354  -0.00230  -0.00354  -0.00063
  -0.01104  -0.00063  -0.00607  -0.00637  -0.00268  -0.00268   0.00000  -0.00549
   0.00549   0.00789  -0.00789   0.00180   0.00180   0.00474   0.00474   0.39511
#  coordinates   33 to   37
  -0.00107   0.00101  -0.00078   0.00093   0.00093   0.00101  -0.00078  -0.00044
   0.00369  -0.00107   0.00255   0.00007   0.00027   0.00255   0.00027  -0.00019
   0.00369  -0.00019   0.00007  -0.00044   0.00124   0.00124   0.00000   0.00167
  -0.00167  -0.00254   0.00254   0.00199   0.00199  -0.00023  -0.00023  -0.00109
   0.34404
  -0.00113   0.00069   0.00434  -0.00084  -0.00084   0.00069   0.00434  -0.00018
  -0.00045  -0.00113   0.00179   0.00414  -0.00243   0.00179  -0.00243   0.00047
  -0.00045   0.00047   0.00414  -0.00018  -0.00146  -0.00146   0.00000  -0.00306
   0.00305   0.00304  -0.00304   0.00163   0.00163   0.00258   0.00258   0.00036
   0.00166   0.25933
   0.00113  -0.00069  -0.00434   0.00084   0.00084  -0.00069  -0.00434   0.00018
   0.00045   0.00113  -0.00179  -0.00414   0.00243  -0.00179   0.00243  -0.00047
   0.00045  -0.00047  -0.00414   0.00018   0.00146   0.00146   0.00000   0.00305
  -0.00305  -0.00304   0.00304  -0.00163  -0.00163  -0.00258  -0.00258  -0.00036
  -0.00166  -0.00461   0.25933
   0.00242   0.00011  -0.00730   0.00094   0.00094   0.00011  -0.00731   0.00312
   0.00131   0.00242  -0.00008  -0.00172   0.00401  -0.00008   0.00401  -0.00062
   0.00131  -0.00062  -0.00172   0.00312   0.00254   0.00254   0.00000   0.00735
  -0.00735  -0.00842   0.00842  -0.00029  -0.00029  -0.00590  -0.00590  -0.00988
  -0.00351  -0.00307   0.00307   0.33124
   0.00242   0.00011  -0.00730   0.00093   0.00093   0.00011  -0.00730   0.00312
   0.00131   0.00242  -0.00008  -0.00172   0.00401  -0.00008   0.00401  -0.00062
   0.00131  -0.00062  -0.00172   0.00312   0.00254   0.00254   0.00000   0.00735
  -0.00735  -0.00842   0.00842  -0.00029  -0.00029  -0.00590  -0.00590  -0.00988
  -0.00351  -0.00307   0.00307  -0.00166   0.33124
$end
