$grad          cartesian gradients
  cycle =      1    SCF energy =   -382.2943080319   |dE/dxyz| =  0.116774
   -2.25012295506536      1.32821536141419      0.00000000000000      c
   -2.25012295506536     -1.30144889500690      0.00000000000000      c
    0.01738274520063     -2.62438039169725      0.00000000000000      c
    2.25012314403803     -1.32821498346886      0.00000000000000      c
    2.25012314403803      1.30144738322557      0.00000000000000      c
   -4.04382693762273     -2.33284470041086      0.00000000000000      h
    0.00594800915973     -4.69546223337800      0.00000000000000      h
    4.04382712659540      2.33284318862953      0.00000000000000      h
    4.68447848060534     -2.72748765791170      0.00000000000000      c
    6.95545371902554     -1.59482895951688      0.00000000000000      c
    7.06680586267288      0.48760069077824      0.00000000000000      h
    4.52606458412993     -4.79691598876187      0.00000000000000      h
    8.68591232960855     -2.64078699858985      0.00000000000000      h
   -4.68447829163267      2.72748803585703      0.00000000000000      c
   -4.52606628488393      4.79691636670720      0.00000000000000      h
   -6.95545353005287      1.59482933746221      0.00000000000000      c
   -7.06680567370022     -0.48760031283291      0.00000000000000      h
   -8.68591214063588      2.64078737653518      0.00000000000000      h
   -0.01738255622796      2.62438076964258      0.00000000000000      c
   -0.00594782018706      4.69546261132332      0.00000000000000      h
  0.50449366413192D-01  0.63039184224698D-03  0.00000000000000D+00
  0.72124296375140D-02  0.23874215074944D-01  0.00000000000000D+00
  0.38673827335490D-01  0.29613284756777D-01  0.00000000000000D+00
  -.50449441752397D-01  -.62981493939256D-03  0.00000000000000D+00
  -.72122646774487D-02  -.23875369855128D-01  0.00000000000000D+00
  -.11169669307732D-02  0.13827705860202D-02  0.00000000000000D+00
  -.68774338354719D-03  0.13500922054725D-02  0.00000000000000D+00
  0.11169599947636D-02  -.13827739095951D-02  0.00000000000000D+00
  -.10345744886966D-01  0.29506733142518D-02  0.00000000000000D+00
  0.19233862263358D-01  -.13660690890142D-01  0.00000000000000D+00
  -.63615450818698D-02  0.84085476183219D-02  0.00000000000000D+00
  -.12057803751387D-02  0.12530884898978D-02  0.00000000000000D+00
  -.19463583022080D-01  0.10350427232734D-01  0.00000000000000D+00
  0.10345839255333D-01  -.29505881628918D-02  0.00000000000000D+00
  0.12056503633688D-02  -.12531404780060D-02  0.00000000000000D+00
  -.19233856356341D-01  0.13660770953897D-01  0.00000000000000D+00
  0.63615510807867D-02  -.84085458827004D-02  0.00000000000000D+00
  0.19463581249922D-01  -.10350427953992D-01  0.00000000000000D+00
  -.38673828135325D-01  -.29612831871651D-01  0.00000000000000D+00
  0.68768698051370D-03  -.13500779992763D-02  0.00000000000000D+00
  cycle =      2    SCF energy =   -382.2943080924   |dE/dxyz| =  0.116746
   -2.25012295506536      1.32821536141419      0.00000000000000      c
   -2.25012295506536     -1.30144889500690      0.00000000000000      c
    0.01738274520063     -2.62438039169725      0.00000000000000      c
    2.25012314403803     -1.32821498346886      0.00000000000000      c
    2.25012314403803      1.30144738322557      0.00000000000000      c
   -4.04382693762273     -2.33284470041086      0.00000000000000      h
    0.00594800915973     -4.69546223337800      0.00000000000000      h
    4.04382712659540      2.33284318862953      0.00000000000000      h
    4.68447848060534     -2.72748765791170      0.00000000000000      c
    6.95545371902554     -1.59482895951688      0.00000000000000      c
    7.06680586267288      0.48760069077824      0.00000000000000      h
    4.52606458412993     -4.79691598876187      0.00000000000000      h
    8.68591232960855     -2.64078699858985      0.00000000000000      h
   -4.68447829163267      2.72748803585703      0.00000000000000      c
   -4.52606628488393      4.79691636670720      0.00000000000000      h
   -6.95545353005287      1.59482933746221      0.00000000000000      c
   -7.06680567370022     -0.48760031283291      0.00000000000000      h
   -8.68591214063588      2.64078737653518      0.00000000000000      h
   -0.01738255622796      2.62438076964258      0.00000000000000      c
   -0.00594782018706      4.69546261132332      0.00000000000000      h
  0.50437469804406D-01  0.61446859005560D-03  0.00000000000000D+00
  0.72164647171452D-02  0.23868733744759D-01  0.00000000000000D+00
  0.38649239137326D-01  0.29618965286309D-01  0.00000000000000D+00
  -.50437544914016D-01  -.61389199210726D-03  0.00000000000000D+00
  -.72163001195873D-02  -.23869888193561D-01  0.00000000000000D+00
  -.11109047941570D-02  0.13898355877979D-02  0.00000000000000D+00
  -.68410319336305D-03  0.13491751797966D-02  0.00000000000000D+00
  0.11108979117660D-02  -.13898388962033D-02  0.00000000000000D+00
  -.10339923630461D-01  0.29423233787848D-02  0.00000000000000D+00
  0.19236436408500D-01  -.13656760087686D-01  0.00000000000000D+00
  -.63629054923617D-02  0.84094563402976D-02  0.00000000000000D+00
  -.12069020537124D-02  0.12535273785846D-02  0.00000000000000D+00
  -.19462805779987D-01  0.10347977862575D-01  0.00000000000000D+00
  0.10340017735107D-01  -.29422382825221D-02  0.00000000000000D+00
  0.12067720719542D-02  -.12535792271670D-02  0.00000000000000D+00
  -.19236430727354D-01  0.13656840050709D-01  0.00000000000000D+00
  0.63629115248263D-02  -.84094543971107D-02  0.00000000000000D+00
  0.19462804200573D-01  -.10347978662287D-01  0.00000000000000D+00
  -.38649239620397D-01  -.29618512370622D-01  0.00000000000000D+00
  0.68404678612802D-03  -.13491611587174D-02  0.00000000000000D+00
  cycle =      3    SCF energy =   -382.3043211421   |dE/dxyz| =  0.030248
   -2.74247797306202      0.36173808303417      0.00000000000000      c
   -1.63997306625443     -2.09078674402976      0.00000000000000      c
    1.00097434642446     -2.41515629529732      0.00000000000000      c
    2.74247786637710     -0.36173738442486      0.00000000000000      c
    1.63997320486134      2.09078729362057      0.00000000000000      c
   -2.85272741077183     -3.76659576180621      0.00000000000000      h
    1.75357653672793     -4.34732741576039      0.00000000000000      h
    2.85272697950142      3.76659674098636      0.00000000000000      h
    5.53216107637062     -0.92020875841072      0.00000000000000      c
    7.55405580618333      0.62439189417000      0.00000000000000      c
    7.35385442541254      2.68537912239238      0.00000000000000      h
    5.91772496462877     -2.96171557195870      0.00000000000000      h
    9.47812192207115     -0.11767634560586      0.00000000000000      h
   -5.53216121404407      0.92020856473846      0.00000000000000      c
   -5.91772647542436      2.96171508891805      0.00000000000000      h
   -7.55405535042618     -0.62439300081337      0.00000000000000      c
   -7.35385317687234     -2.68538015615373      0.00000000000000      h
   -9.47812176053418      0.11767447138097      0.00000000000000      h
   -1.00097461703286      2.41515653651506      0.00000000000000      c
   -1.75357695085138      4.34732757423124      0.00000000000000      h
  -.48741064959309D-02  0.41923438887001D-02  0.00000000000000D+00
  -.14629795343889D-02  -.18749827867242D-02  0.00000000000000D+00
  0.82052607324998D-03  0.50520652886606D-02  0.00000000000000D+00
  0.48740753217950D-02  -.41921843777610D-02  0.00000000000000D+00
  0.14631423683475D-02  0.18749720604177D-02  0.00000000000000D+00
  0.19529419586254D-02  0.24670412842371D-02  0.00000000000000D+00
  -.64985912459027D-03  0.15213784687022D-02  0.00000000000000D+00
  -.19529627791915D-02  -.24670152504719D-02  0.00000000000000D+00
  0.39442218839179D-03  0.83219612903528D-02  0.00000000000000D+00
  0.14907365776281D-01  -.76914273231231D-02  0.00000000000000D+00
  -.13658460757129D-02  -.13515917592993D-02  0.00000000000000D+00
  0.19745072605863D-03  0.20606576471046D-02  0.00000000000000D+00
  -.30203417562863D-02  0.19379967127170D-02  0.00000000000000D+00
  -.39431874149272D-03  -.83219264882430D-02  0.00000000000000D+00
  -.19748814999570D-03  -.20606785112571D-02  0.00000000000000D+00
  -.14907403580933D-01  0.76914000045069D-02  0.00000000000000D+00
  0.13658439437895D-02  0.13515904119696D-02  0.00000000000000D+00
  0.30203433481925D-02  -.19379962798978D-02  0.00000000000000D+00
  -.82065209501208D-03  -.50522039264979D-02  0.00000000000000D+00
  0.64984650565729D-03  -.15214003542027D-02  0.00000000000000D+00
  cycle =      4    SCF energy =   -382.3080436546   |dE/dxyz| =  0.008196
   -2.68368513185266      0.42318846418954      0.00000000000000      c
   -1.67701474657779     -2.06904045553181      0.00000000000000      c
    0.94295774590053     -2.47298227865093      0.00000000000000      c
    2.68368508187610     -0.42318805030348      0.00000000000000      c
    1.67701481451649      2.06904068573814      0.00000000000000      c
   -2.94829673093298     -3.70147168544690      0.00000000000000      h
    1.66695167491021     -4.41958246668932      0.00000000000000      h
    2.94829653691948      3.70147212220504      0.00000000000000      h
    5.45933610693422     -0.98815814167618      0.00000000000000      c
    7.38335056619563      0.67146258250228      0.00000000000000      c
    7.09735321304754      2.72427941169587      0.00000000000000      h
    5.89911893706716     -3.02271328812021      0.00000000000000      h
    9.34602541839287      0.01413754893648      0.00000000000000      h
   -5.45933616592626      0.98815798179817      0.00000000000000      c
   -5.89911999029512      3.02271291008913      0.00000000000000      h
   -7.38335024679660     -0.67146324594185      0.00000000000000      c
   -7.09735240483539     -2.72428000873770      0.00000000000000      h
   -9.34602525893660     -0.01413868647141      0.00000000000000      h
   -0.94295798960888      2.47298257002571      0.00000000000000      c
   -1.66695180836107      4.41958280614463      0.00000000000000      h
  0.51874024885075D-03  0.94813685582730D-03  0.00000000000000D+00
  -.14678680497444D-02  -.28647039352455D-02  0.00000000000000D+00
  0.78250545031061D-03  0.39954655719169D-03  0.00000000000000D+00
  -.51875192277790D-03  -.94805972659124D-03  0.00000000000000D+00
  0.14679896072412D-02  0.28646366601791D-02  0.00000000000000D+00
  0.20685769271728D-02  0.13483916007921D-02  0.00000000000000D+00
  -.63515481624760D-03  -.53834432928611D-03  0.00000000000000D+00
  -.20685903399887D-02  -.13483833282823D-02  0.00000000000000D+00
  0.71411349085790D-03  0.22026777533027D-02  0.00000000000000D+00
  0.25628952541841D-02  -.79764515127164D-03  0.00000000000000D+00
  -.95936697273681D-04  0.48248747547418D-03  0.00000000000000D+00
  -.24735366367376D-03  -.72519044583254D-03  0.00000000000000D+00
  -.91040440713375D-03  -.52233146642422D-03  0.00000000000000D+00
  -.71403365099981D-03  -.22026681960272D-02  0.00000000000000D+00
  0.24731960977447D-03  0.72518104098005D-03  0.00000000000000D+00
  -.25629129121538D-02  0.79764102333894D-03  0.00000000000000D+00
  0.95939430738526D-04  -.48248873423963D-03  0.00000000000000D+00
  0.91040271784057D-03  0.52233146209897D-03  0.00000000000000D+00
  -.78263085363176D-03  -.39956260811760D-03  0.00000000000000D+00
  0.63515465064304D-03  0.53834744565185D-03  0.00000000000000D+00
  cycle =      5    SCF energy =   -382.3082482513   |dE/dxyz| =  0.003759
   -2.67829770014113      0.44437354570208      0.00000000000000      c
   -1.69166903177506     -2.05352792392615      0.00000000000000      c
    0.92458581916576     -2.48199277725371      0.00000000000000      c
    2.67829769130679     -0.44437341105027      0.00000000000000      c
    1.69166908271564      2.05352792395937      0.00000000000000      c
   -2.98370604312869     -3.67188889866617      0.00000000000000      h
    1.64025068079250     -4.43118414116235      0.00000000000000      h
    2.98370590871107      3.67188902647198      0.00000000000000      h
    5.45210134823070     -1.00862758791200      0.00000000000000      c
    7.34492992065526      0.68621458136880      0.00000000000000      c
    7.01460188593319      2.73172194264983      0.00000000000000      h
    5.91389040055557     -3.03709678235793      0.00000000000000      h
    9.32482157712901      0.07641016491837      0.00000000000000      h
   -5.45210133278492      1.00862755146076      0.00000000000000      c
   -5.91389061232283      3.03709669497610      0.00000000000000      h
   -7.34492988843231     -0.68621467068425      0.00000000000000      c
   -7.01460187542735     -2.73172203424334      0.00000000000000      h
   -9.32482154259921     -0.07641025389435      0.00000000000000      h
   -0.92458588864594      2.48199277639380      0.00000000000000      c
   -1.64025062147949      4.43118418528199      0.00000000000000      h
  -.11069226039913D-03  0.52911042488534D-04  0.00000000000000D+00
  -.16341132289756D-02  -.10430590579390D-02  0.00000000000000D+00
  0.58595676848005D-03  0.10925811160351D-03  0.00000000000000D+00
  0.11068053116541D-03  -.52842779313277D-04  0.00000000000000D+00
  0.16341682992998D-02  0.10430242530665D-02  0.00000000000000D+00
  0.97852239792653D-03  0.99786076386939D-03  0.00000000000000D+00
  -.21344374065858D-03  -.19175039944959D-03  0.00000000000000D+00
  -.97853448150449D-03  -.99785969869821D-03  0.00000000000000D+00
  0.39372628058627D-03  0.27139167392168D-03  0.00000000000000D+00
  0.32001360436882D-03  0.30197886976757D-03  0.00000000000000D+00
  -.23439303455607D-03  0.35124167552869D-03  0.00000000000000D+00
  -.12047455515571D-03  -.39590945759792D-03  0.00000000000000D+00
  -.46997011014811D-04  -.35691551409957D-03  0.00000000000000D+00
  -.39369164946319D-03  -.27139165711051D-03  0.00000000000000D+00
  0.12046615636292D-03  0.39590708248547D-03  0.00000000000000D+00
  -.32002476394600D-03  -.30198317246470D-03  0.00000000000000D+00
  0.23439120244673D-03  -.35124157076470D-03  0.00000000000000D+00
  0.46997751765271D-04  0.35691539817868D-03  0.00000000000000D+00
  -.58600641079486D-03  -.10928627917433D-03  0.00000000000000D+00
  0.21344809924499D-03  0.19175071488106D-03  0.00000000000000D+00
  cycle =      6    SCF energy =   -382.3082593381   |dE/dxyz| =  0.001025
   -2.67690287840821      0.44426787534049      0.00000000000000      c
   -1.69046258306421     -2.05364196939408      0.00000000000000      c
    0.92469731584572     -2.48239361938740      0.00000000000000      c
    2.67690285572042     -0.44426777804236      0.00000000000000      c
    1.69046263142952      2.05364200234448      0.00000000000000      c
   -2.98556567185931     -3.67294937514291      0.00000000000000      h
    1.64447104390439     -4.42977828648145      0.00000000000000      h
    2.98556566263463      3.67294943506258      0.00000000000000      h
    5.45024851457792     -1.00907419990775      0.00000000000000      c
    7.34272124884631      0.68602385357982      0.00000000000000      c
    7.01354383269375      2.73109388308133      0.00000000000000      h
    5.91529479058396     -3.03533454867709      0.00000000000000      h
    9.32491391768121      0.08425897443054      0.00000000000000      h
   -5.45024853364924      1.00907414381912      0.00000000000000      c
   -5.91529497452188      3.03533445397855      0.00000000000000      h
   -7.34272120912616     -0.68602398701811      0.00000000000000      c
   -7.01354370501059     -2.73109400178166      0.00000000000000      h
   -9.32491388780995     -0.08425914186281      0.00000000000000      h
   -0.92469735880010      2.48239369764395      0.00000000000000      c
   -1.64447104847740      4.42977838124578      0.00000000000000      h
  0.97459624328944D-04  0.67222692797988D-04  0.00000000000000D+00
  -.36210779085424D-03  -.11788083806006D-03  0.00000000000000D+00
  0.19286314470919D-03  0.88679000433926D-04  0.00000000000000D+00
  -.97481015544621D-04  -.67201272514001D-04  0.00000000000000D+00
  0.36215094318980D-03  0.11785954679442D-03  0.00000000000000D+00
  0.24614929347492D-03  0.19315016646002D-03  0.00000000000000D+00
  0.53775225535111D-06  -.16734876224585D-04  0.00000000000000D+00
  -.24615583256344D-03  -.19315367187322D-03  0.00000000000000D+00
  -.20472012351928D-04  -.31684792937901D-03  0.00000000000000D+00
  0.76908937284609D-04  -.15239129022456D-03  0.00000000000000D+00
  0.96755407797525D-04  0.76496477007259D-04  0.00000000000000D+00
  -.48558456781453D-05  0.22280897712286D-03  0.00000000000000D+00
  0.25424969615481D-04  0.16568051790665D-03  0.00000000000000D+00
  0.20487102785630D-04  0.31684411386043D-03  0.00000000000000D+00
  0.48519231587618D-05  -.22281117719870D-03  0.00000000000000D+00
  -.76914822972967D-04  0.15238922973838D-03  0.00000000000000D+00
  -.96752713455111D-04  -.76496305543290D-04  0.00000000000000D+00
  -.25424592233740D-04  -.16567847637975D-03  0.00000000000000D+00
  -.19288665289277D-03  -.88669999849809D-04  0.00000000000000D+00
  -.53784808762861D-06  0.16735118391410D-04  0.00000000000000D+00
  cycle =      7    SCF energy =   -382.3082604212   |dE/dxyz| =  0.000506
   -2.67626393530855      0.44440225902258      0.00000000000000      c
   -1.69071792887825     -2.05381339190418      0.00000000000000      c
    0.92414436532224     -2.48282364531289      0.00000000000000      c
    2.67626393438285     -0.44440222547075      0.00000000000000      c
    1.69071795338897      2.05381338447220      0.00000000000000      c
   -2.98676220867076     -3.67267727697424      0.00000000000000      h
    1.64389635145552     -4.43019074154033      0.00000000000000      h
    2.98676219487444      3.67267728475499      0.00000000000000      h
    5.44935412551967     -1.00925293492813      0.00000000000000      c
    7.34134776801391      0.68608716997656      0.00000000000000      c
    7.01129814456989      2.73096124714572      0.00000000000000      h
    5.91424758462589     -3.03595436048514      0.00000000000000      h
    9.32320495391806      0.08301190508722      0.00000000000000      h
   -5.44935411349300      1.00925292111119      0.00000000000000      c
   -5.91424764182813      3.03595433226445      0.00000000000000      h
   -7.34134776403552     -0.68608718414760      0.00000000000000      c
   -7.01129816177762     -2.73096126380110      0.00000000000000      h
   -9.32320493827837     -0.08301188442362      0.00000000000000      h
   -0.92414439871241      2.48282364726442      0.00000000000000      c
   -1.64389635276807      4.43019075697854      0.00000000000000      h
  0.87562180001456D-04  -.86776548145407D-05  0.00000000000000D+00
  -.22042554561992D-03  -.80997085670563D-04  0.00000000000000D+00
  0.95070359784576D-04  0.12984474972315D-04  0.00000000000000D+00
  -.87566271717471D-04  0.86930468622714D-05  0.00000000000000D+00
  0.22044936280948D-03  0.80990042759546D-04  0.00000000000000D+00
  0.13913495839572D-03  0.10193534574975D-03  0.00000000000000D+00
  -.18820688591831D-04  -.14475373127129D-04  0.00000000000000D+00
  -.13913917010925D-03  -.10193881461219D-03  0.00000000000000D+00
  0.10203368970933D-04  -.10195352527068D-03  0.00000000000000D+00
  -.29088946604488D-04  -.56348184068050D-04  0.00000000000000D+00
  0.39673523856647D-04  0.59170627569726D-04  0.00000000000000D+00
  0.25990094215282D-05  0.64012788850990D-04  0.00000000000000D+00
  0.19701524885649D-04  0.38988349659429D-04  0.00000000000000D+00
  -.10190531443077D-04  0.10195235654104D-03  0.00000000000000D+00
  -.26018815183080D-05  -.64013356664469D-04  0.00000000000000D+00
  0.29084755887681D-04  0.56347403999272D-04  0.00000000000000D+00
  -.39673733051538D-04  -.59170669792953D-04  0.00000000000000D+00
  -.19700911095657D-04  -.38986828171304D-04  0.00000000000000D+00
  -.95092623307107D-04  -.12988791796553D-04  0.00000000000000D+00
  0.18821251520922D-04  0.14475843876573D-04  0.00000000000000D+00
  cycle =      8    SCF energy =   -382.3082606553   |dE/dxyz| =  0.000143
   -2.67624071391674      0.44437670720993      0.00000000000000      c
   -1.69064203677682     -2.05385646208964      0.00000000000000      c
    0.92410848803724     -2.48285832984927      0.00000000000000      c
    2.67624069952624     -0.44437664400886      0.00000000000000      c
    1.69064203939045      2.05385650738353      0.00000000000000      c
   -2.98724150116374     -3.67263201727060      0.00000000000000      h
    1.64418520941601     -4.43008390054580      0.00000000000000      h
    2.98724149638516      3.67263206123828      0.00000000000000      h
    5.44924064006784     -1.00921928952929      0.00000000000000      c
    7.34116055583096      0.68610893681600      0.00000000000000      c
    7.01052316783042      2.73079749833586      0.00000000000000      h
    5.91408793108256     -3.03605941408372      0.00000000000000      h
    9.32293568995298      0.08283442090183      0.00000000000000      h
   -5.44924066181912      1.00921926460448      0.00000000000000      c
   -5.91408806447618      3.03605936484690      0.00000000000000      h
   -7.34116049978670     -0.68610905316293      0.00000000000000      c
   -7.01052301077387     -2.73079759742431      0.00000000000000      h
   -9.32293566279189     -0.08283463421894      0.00000000000000      h
   -0.92410851637954      2.48285838312783      0.00000000000000      c
   -1.64418518603543      4.43008397391750      0.00000000000000      h
  0.19512862089205D-04  -.96207385898613D-05  0.00000000000000D+00
  -.62609092197459D-04  -.17186790576655D-04  0.00000000000000D+00
  0.28305305565267D-04  0.31951967433046D-05  0.00000000000000D+00
  -.19516135743887D-04  0.96261585521600D-05  0.00000000000000D+00
  0.62618405340533D-04  0.17185688432021D-04  0.00000000000000D+00
  0.39793457104832D-04  0.22668349673470D-04  0.00000000000000D+00
  -.60156132569705D-05  0.60458869317707D-06  0.00000000000000D+00
  -.39795189528491D-04  -.22670654058939D-04  0.00000000000000D+00
  0.93682492314218D-05  -.60547099055035D-05  0.00000000000000D+00
  -.27429172588902D-04  -.28550216269093D-04  0.00000000000000D+00
  0.40157757365302D-05  0.22851778527119D-04  0.00000000000000D+00
  0.88853543567044D-05  0.12370051838628D-04  0.00000000000000D+00
  0.99010322883960D-05  0.60231433577761D-05  0.00000000000000D+00
  -.93632286259679D-05  0.60550097454838D-05  0.00000000000000D+00
  -.88875629975482D-05  -.12370211341691D-04  0.00000000000000D+00
  0.27429050654151D-04  0.28548571413265D-04  0.00000000000000D+00
  -.40146055788126D-05  -.22851707773172D-04  0.00000000000000D+00
  -.99012532721160D-05  -.60238378556303D-05  0.00000000000000D+00
  -.28315913158090D-04  -.31961967627904D-05  0.00000000000000D+00
  0.60182520868948D-05  -.60347633190812D-06  0.00000000000000D+00
$end
