# Electronic transition moments of , IRREP a   electric dipole (length) / electric dipole (velocity) / magnetic dipole
 -.27412078788740E-07   0.32073718368350E-07   -.63142988133443E-07   -.30545306787253E-07   0.35675140213330E-07   -.66971044732371E-07   -.26351825814330E-10   -.35286717626790E-11   -.36123057882736E-25
 0.10548791569615E-07   0.49760647234590E-07   -.79006109061488E-07   0.13323937297426E-07   0.40998244650609E-07   -.35351699472512E-07
 -.20451387227373E-07   -.87405957367474E-07   -.17295163124115E-08   -.22892082549162E-07   -.87125537254831E-07   -.26525553759255E-08   -.32373236610014E-09   -.96857812571556E-10   0.13785120068716E-23
 0.34086532235014E-07   -.26593487828984E-07   -.64713681728342E-07   0.10491690136029E-07   0.22658053188168E-07   0.20789387732312E-06
 -.95936235862009E-09   -.22533803843157E-08   0.23034250954156E-06   -.28169524374230E-09   -.12128932399827E-08   0.11710026802023E-06   0.39742217024710E-13   0.73176744482144E-11   0.15124003784245E-19
 -.23849670865893E-06   -.94957319304493E-07   -.42094191039002E-06   0.94285399187757E-08   0.22959849329085E-08   -.79186358720650E-10
 -.24932180212086E-07   0.12299888841039E-06   -.17333383187541E-06   -.24594202871004E-07   0.12181765936530E-06   -.92065396828833E-07   0.87178704198115E-09   0.10449172903960E-09   0.77446073238772E-19
 0.17889424178324E-06   -.95421081721634E-07   0.50878217432062E-06   -.22403357766381E-07   0.49263055263227E-07   -.32979240535064E-06
 -.14069678658193E-09   0.15605172174706E-07   0.22216017825155E-07   0.81896411825827E-09   0.14862086842479E-07   0.10641864731001E-07   0.89211331533416E-10   0.37775353613719E-11   0.18135342684666E-19
 0.13866810495628E-06   0.69411572163139E-07   -.26576761546562E-06   -.25851243462695E-07   0.19723006154855E-08   -.35752908611642E-07
 0.67228990756988E+00   0.24750853888069E-01   -.38817362364437E-07   0.65925864563908E+00   0.24271098536676E-01   -.37554515845288E-07   0.20157403732289E-03   -.54752135073579E-02   -.20929872720335E-17
 -.13852348805857E-07   -.98527073296356E-08   0.17114571414742E-07   -.88007673704958E-09   -.18324694165922E+01   -.67463725133942E-01
 0.24750850217353E-01   -.67228988035602E+00   -.14080654318122E-08   0.24271093770862E-01   -.65925861868189E+00   -.11324841819919E-08   -.54752135977171E-02   -.20157404786789E-03   -.14180178217140E-19
 -.43936984179410E-08   0.25502304401399E-07   -.35331018391300E-07   0.54367730873529E-08   -.67463718131223E-01   0.18324693872066E+01
 -.69097964475976E-08   -.50777465465371E-07   0.76411606585554E-07   -.85202381971970E-08   -.50543306529216E-07   -.41577532261269E-07   -.37986516465081E-09   0.71120858672439E-11   -.19803052788816E-16
 0.87620267996349E-06   0.15157550646345E-06   -.11922012079981E-05   0.14087785957898E-07   0.10047048555323E-07   0.11293723666091E-06
 0.44516336480421E-08   0.44575057005583E-07   0.24164442434874E-06   0.41864442946785E-08   0.44124207806532E-07   0.78673553663193E-10   0.32301472660714E-09   -.29626449780790E-10   0.24898849280974E-16
 0.50777843888921E-06   0.99107001455871E-07   0.69653547717597E-06   -.37016443044094E-07   -.91413253097937E-08   -.96441174174296E-07
 0.29639789691675E-07   0.84209706196513E-09   -.24001136615466E-04   0.32521958486170E-07   0.31154134009206E-08   0.66317890451919E-05   -.89533053369339E-10   -.50520010438993E-10   0.11610241671278E-16
 -.30296364551759E+00   0.30291393374125E+00   0.18087768203234E-04   -.28779335711323E+00   -.50502358595307E-07   0.30638414411297E-07
