 1.145416935757802e-01  1.513125480597392e-01  1.723344671548189e-01  1.823792181329044e-01  2.025744872977424e-01
-1.000861034050615e-07  1.112176991773626e-06 -5.776783202793290e-06  2.628326117859459e-06  2.464589218931224e-06
-4.540795572882672e-07  5.739270060170721e-06 -1.799129559398871e-05  8.912566808128020e-06  1.007272831943240e-05
-9.982749317201977e-10 -3.993798545809209e-10 -1.113850705711570e-08  1.831883845364948e-09  3.917573248633086e-08
 2.054527185185728e-08 -1.469990885634539e-07  6.114100714743609e-07 -3.456856060568558e-07 -1.964008223692693e-07
 2.825282192919776e-08 -5.948173958011791e-07  1.916103078009046e-06 -1.045690343159239e-06 -1.230174377683801e-06
 1.097931182388675e-10 -2.696532495962789e-11  1.613270842655986e-09 -3.216533757398112e-10 -6.308652139735146e-09
 9.578356978618191e-15  3.871987206285725e-12 -1.506330372533059e-11  5.172864307063472e-12  2.419191163584698e-11
-3.958987684466468e-12 -5.800248363145456e-12  2.262877170389293e-11 -7.230751111947158e-12  1.648089088010950e-10
-7.623796280131910e-10 -5.535483451821199e-10  1.431311817166156e-10 -6.218457939566885e-10 -1.877780270954529e-09
