O:STO-3G
STO-3G Minimal Basis (3 functions/AO)

  2
    0    1
    2    1
    6    3

0.1307093214D+03 0.2380886605D+02 0.6443608313D+01 0.5033151319D+01 0.1169596125D+01 
0.3803889600D+00 

0.1543289673D+00 0.00000000 
0.5353281423D+00 0.00000000 
0.4446345422D+00 0.00000000 
0.00000000 -0.9996722919D-01 
0.00000000 0.3995128261D+00 
0.00000000 0.7001154689D+00 

0.5033151319D+01 0.1169596125D+01 0.3803889600D+00 

0.1559162750D+00 
0.6076837186D+00 
0.3919573931D+00 

CL:STO-3G
STO-3G Minimal Basis (3 functions/AO)

  2
    0    1
    3    2
    9    6

0.6013456136D+03 0.1095358542D+03 0.3896041889D+02 0.2964467686D+02 0.9053563477D+01 
0.2944499834D+01 0.2129386495D+01 0.5940934274D+00 0.2325241410D+00 

0.1543289673D+00 0.00000000 0.00000000 
0.5353281423D+00 0.00000000 0.00000000 
0.00000000 -0.9996722919D-01 0.00000000 
0.4446345422D+00 0.00000000 0.00000000 
0.00000000 0.3995128261D+00 0.00000000 
0.00000000 0.7001154689D+00 0.00000000 
0.00000000 0.00000000 -0.2196203690D+00 
0.00000000 0.00000000 0.2255954336D+00 
0.00000000 0.00000000 0.9003984260D+00 

0.3896041889D+02 0.9053563477D+01 0.2944499834D+01 0.2129386495D+01 0.5940934274D+00 
0.2325241410D+00 

0.1559162750D+00 0.00000000 
0.6076837186D+00 0.00000000 
0.3919573931D+00 0.00000000 
0.00000000 0.1058760429D-01 
0.00000000 0.5951670053D+00 
0.00000000 0.4620010120D+00 

MO:STO-3G
STO-3G Minimal Basis (3 functions/AO)

  3
    0    1    2
    5    4    2
   15   12    6

0.3788666115D+04 0.6901102623D+03 0.3264309567D+03 0.1867707691D+03 0.7585553420D+02 
0.3546948129D+02 0.2467057401D+02 0.1081932234D+02 0.4174430912D+01 0.3496895188D+01 
0.1361672861D+01 0.5994117456D+00 0.5129625081D+00 0.2761985970D+00 0.1220017773D+00 

0.1543289673D+00 0.00000000 0.00000000 0.00000000 0.00000000 
0.5353281423D+00 0.00000000 0.00000000 0.00000000 0.00000000 
0.00000000 -0.9996722919D-01 0.00000000 0.00000000 0.00000000 
0.4446345422D+00 0.00000000 0.00000000 0.00000000 0.00000000 
0.00000000 0.3995128261D+00 0.00000000 0.00000000 0.00000000 
0.00000000 0.00000000 -0.2277635023D+00 0.00000000 0.00000000 
0.00000000 0.7001154689D+00 0.00000000 0.00000000 0.00000000 
0.00000000 0.00000000 0.2175436044D+00 0.00000000 0.00000000 
0.00000000 0.00000000 0.9166769611D+00 0.00000000 0.00000000 
0.00000000 0.00000000 0.00000000 -0.3306100626D+00 0.00000000 
0.00000000 0.00000000 0.00000000 0.5761095338D-01 0.00000000 
0.00000000 0.00000000 0.00000000 0.1115578745D+01 0.00000000 
0.00000000 0.00000000 0.00000000 0.00000000 -0.3842642608D+00 
0.00000000 0.00000000 0.00000000 0.00000000 -0.1972567438D+00 
0.00000000 0.00000000 0.00000000 0.00000000 0.1375495512D+01 

0.3264309567D+03 0.7585553420D+02 0.3546948129D+02 0.2467057401D+02 0.1081932234D+02 
0.4174430912D+01 0.3496895188D+01 0.1361672861D+01 0.5994117456D+00 0.5129625081D+00 
0.2761985970D+00 0.1220017773D+00 

0.1559162750D+00 0.00000000 0.00000000 0.00000000 
0.6076837186D+00 0.00000000 0.00000000 0.00000000 
0.00000000 0.4951511155D-02 0.00000000 0.00000000 
0.3919573931D+00 0.00000000 0.00000000 0.00000000 
0.00000000 0.5777664691D+00 0.00000000 0.00000000 
0.00000000 0.4846460366D+00 0.00000000 0.00000000 
0.00000000 0.00000000 -0.1283927634D+00 0.00000000 
0.00000000 0.00000000 0.5852047641D+00 0.00000000 
0.00000000 0.00000000 0.5439442040D+00 0.00000000 
0.00000000 0.00000000 0.00000000 -0.3481691526D+00 
0.00000000 0.00000000 0.00000000 0.6290323690D+00 
0.00000000 0.00000000 0.00000000 0.6662832743D+00 

0.3546948129D+02 0.1081932234D+02 0.4174430912D+01 0.1702112315D+01 0.6627937127D+00 
0.2917634240D+00 

0.2197679508D+00 0.00000000 
0.6555473627D+00 0.00000000 
0.2865732590D+00 0.00000000 
0.00000000 0.1250662138D+00 
0.00000000 0.6686785577D+00 
0.00000000 0.3052468245D+00 


