 $DATA  
water                                                                           
C1       1
O           8.0      0.0000000000     -0.0666785467      0.0000000000
   STO     3
        
H           1.0      0.7906491549      0.5291183262      0.0000000000
   STO     3
        
H           1.0     -0.7906491549      0.5291183262      0.0000000000
   STO     3
        
 $END      
 $ZMAT   IZMAT(1)=
         1,   2,   1,
         1,   3,   1,
         2,   3,   1,   2,
 $END
--- CLOSED SHELL ORBITALS --- GENERATED AT Wed Jul 27 01:23:20 2016
water                                                                           
E(RHF)=      -74.9643287925, E(NUC)=    8.8870069086,   13 ITERS
 $VEC   
 1  1 9.94202990E-01 2.59157144E-02-0.00000000E+00 3.99311374E-03-0.00000000E+00
 1  2-5.62726484E-03-5.62726484E-03
 2  1-2.34217936E-01 8.45881811E-01-0.00000000E+00 1.17047799E-01-0.00000000E+00
 2  2 1.56449319E-01 1.56449319E-01
 3  1 0.00000000E+00 0.00000000E+00 6.03305079E-01 0.00000000E+00 0.00000000E+00
 3  2 4.46376807E-01-4.46376807E-01
 4  1 1.00458158E-01-5.21395061E-01-0.00000000E+00 7.74266931E-01-0.00000000E+00
 4  2 2.89063949E-01 2.89063949E-01
 5  1-0.00000000E+00-0.00000000E+00-0.00000000E+00-0.00000000E+00 1.00000000E+00
 5  2-0.00000000E+00-0.00000000E+00
 6  1-1.28350516E-01 8.32525616E-01 0.00000000E+00 7.32626057E-01 0.00000000E+00
 6  2-7.75800666E-01-7.75800666E-01
 7  1 0.00000000E+00 0.00000000E+00 9.76484603E-01 0.00000000E+00 0.00000000E+00
 7  2-8.08915591E-01 8.08915591E-01
 $END   
 POPULATION ANALYSIS
O            8.33921  -0.33921   8.23786  -0.23786
H            0.83039   0.16961   0.88107   0.11893
H            0.83039   0.16961   0.88107   0.11893
 MOMENTS AT POINT    1 X,Y,Z=  0.000000  0.000000  0.000000
 DIPOLE      -0.000000  1.673510  0.000000
 $CISVEC
        16 DETS,  10 STATES
STATE   1 ENERGY=      -74.5903204612
 -4.746360E-32  7.770689E-32  4.990241E-31 -2.887937E-31  7.437528E-32
 -4.205715E-31  7.071068E-01  8.309603E-16  4.707705E-32 -7.764312E-32
 -4.990717E-31  2.869046E-31 -6.708263E-32  4.214140E-31 -7.071068E-01
 -8.309603E-16
STATE   2 ENERGY=      -74.5150077880
 -2.096899E-30 -2.934934E-32  1.490831E-31 -5.654760E-30 -1.728070E-29
  1.617148E-30 -7.071068E-01 -2.243420E-15  2.100122E-30  2.944971E-32
 -1.493058E-31  5.667017E-30  1.723206E-29 -1.615304E-30 -7.071068E-01
 -2.243420E-15
STATE   3 ENERGY=      -74.5132556738
 -7.179490E-02  1.673303E-16  8.222436E-16 -1.633351E-01 -6.842274E-01
 -1.072093E-15 -4.321762E-29 -2.023947E-17  7.179490E-02 -1.810158E-16
 -6.324015E-16  1.633351E-01  6.842274E-01  9.240057E-16 -4.327253E-29
 -6.746491E-18
STATE   4 ENERGY=      -74.4901150383
 -4.142874E-17  7.670789E-17  4.707219E-16 -2.513421E-16  6.202947E-17
 -5.178108E-16 -8.309603E-16  7.071068E-01  4.081107E-17 -7.670789E-17
 -4.707219E-16  2.488392E-16 -5.227480E-17  5.178108E-16  8.309603E-16
 -7.071068E-01
STATE   5 ENERGY=      -74.4450051378
  2.950670E-16 -3.333527E-02 -3.789967E-01 -6.913817E-16  3.688845E-16
 -5.960288E-01 -2.511622E-29  7.173360E-15 -1.547246E-16  3.333527E-02
  3.789967E-01  8.617451E-16 -9.517902E-16  5.960288E-01 -2.554359E-29
  7.507005E-15
STATE   6 ENERGY=      -74.4407758359
  1.032294E-16  4.009230E-16  4.286417E-15  6.150750E-16 -1.559564E-16
  5.937937E-15 -2.243420E-15  7.071068E-01 -1.052618E-16 -4.009230E-16
 -4.286417E-15 -6.232128E-16  1.878708E-16 -5.937937E-15 -2.243420E-15
  7.071068E-01
STATE   7 ENERGY=      -74.3813542595
  4.333607E-02 -3.297869E-16 -5.623639E-16  1.751964E-01 -6.836872E-01
 -2.217281E-15 -2.375391E-31  1.901284E-17  4.333607E-02 -7.467943E-17
 -2.563197E-16  1.751964E-01 -6.836872E-01 -3.091987E-15 -3.243627E-31
  1.042640E-17
STATE   8 ENERGY=      -74.3378201364
 -2.576058E-16  8.862261E-02  5.897324E-01 -1.196962E-15  1.182353E-15
 -3.799496E-01  8.183120E-31 -9.813078E-16  2.993056E-16 -8.862261E-02
 -5.897324E-01  1.496465E-15 -1.876932E-15  3.799496E-01  2.477363E-31
  1.177569E-16
STATE   9 ENERGY=      -74.2969138850
  6.002004E-16  3.509270E-03 -3.116386E-01  3.341757E-16 -2.276410E-15
  6.347197E-01 -4.130578E-31  1.533974E-30  5.823658E-16  3.509270E-03
 -3.116386E-01  2.262998E-16 -2.024879E-15  6.347197E-01 -6.580739E-31
  8.367133E-31
STATE  10 ENERGY=      -74.2593564521
  1.093989E-01  9.188296E-16  8.197367E-16  6.768212E-01 -1.730461E-01
 -1.843224E-15  2.422410E-31 -3.140185E-16 -1.093989E-01 -9.120203E-16
 -1.042295E-15 -6.768212E-01  1.730461E-01  1.547232E-15  2.636526E-31
 -7.850462E-16
 $END
CIS NATURAL ORBITALS, E(CIS)=      -74.5903204612  EXCITED STATE     1
 $VEC
 1  1 1.03241756E-15 1.18870802E-15-6.87074352E-01-1.68665960E-15 4.44089210E-16
 1  2-3.73295845E-01 3.73295845E-01
 2  1 1.57316432E-01-7.54402255E-01-1.34210117E-15 7.13072367E-01 2.52435490E-29
 2  2 1.60297794E-01 1.60297794E-01
 3  1-1.91083583E-01-5.47565269E-01 9.50861303E-17-3.83244758E-01-6.93889390E-18
 3  2-2.37515482E-01-2.37515482E-01
 4  1 9.94759824E-01-1.97184068E-01 1.14149471E-15-1.30392789E-01 2.22044605E-16
 4  2-9.33308897E-02-9.33308897E-02
 5  1 7.77452961E-18-1.33176027E-18-4.55606073E-16-8.73095369E-19 1.00000000E+00
 5  2 4.44646106E-16-4.45922287E-16
 6  1-1.38039199E-01 8.79378946E-01 1.52446964E-16 6.91082722E-01 1.69711993E-26
 6  2-7.86837374E-01-7.86837374E-01
 7  1-6.34442537E-18 1.08851589E-18-9.19471606E-01 6.72345044E-19 1.92554306E-16
 7  2 8.45131292E-01-8.45131292E-01
 $END
 POPULATION ANALYSIS
O            7.91758   0.08242   7.85279   0.14721
H            1.04121  -0.04121   1.07361  -0.07361
H            1.04121  -0.04121   1.07361  -0.07361
 MOMENTS AT POINT    1 X,Y,Z=  0.000000  0.000000  0.000000
 DIPOLE       0.000000 -0.053669 -0.000000
