level        3
        0.1599556030       -0.0000652756       -0.0772058723
       -0.0000113637        0.0232579749       -0.0000070017
        0.0003362287       -0.0000156657       -0.1490023828
       -0.1074188659        0.0002343595       -0.1088005528
        0.0000075541       -0.0857328804       -0.0000105002
       -0.0980968540        0.0000127022       -0.0406939488
       -0.1727589858        0.0002528081        0.0744816301
       -0.0000012241       -0.0940407417       -0.0000049886
        0.0818841087        0.0000017051        0.0293399991
        0.1599560858        0.0000652707       -0.0772058901
        0.0000113650        0.0232579413        0.0000069991
        0.0003360945        0.0000156606       -0.1490023296
       -0.1074186123       -0.0002343654       -0.1088004822
       -0.0000075595       -0.0857328504        0.0000104988
       -0.0980968919       -0.0000127041       -0.0406940116
        0.0365766660        0.0000284592        0.0088786202
       -0.0000002767        0.0831327487        0.0000004419
        0.0139165784       -0.0000042740        0.0613041910
        0.0375775916        0.0000323095       -0.0171896661
        0.0000025180        0.0817325617       -0.0000005014
       -0.0150320620        0.0000064945        0.0569732440
        0.0365768406       -0.0000284620        0.0088787151
        0.0000002740        0.0831327539       -0.0000004375
        0.0139165254        0.0000042817        0.0613042379
        0.1747829782       -0.0000796296        0.3329427245
       -0.0000109333       -0.0822943287       -0.0000112755
        0.0179877056       -0.0000178635        0.0002918487
       -0.2457289398       -0.0001303852       -0.0593847318
       -0.0000224291       -0.2080292122       -0.0000505318
        0.0416389193       -0.0000534793       -0.0332661062
        0.0147878695        0.0000312311       -0.1604180323
        0.0000074758        0.1009717471        0.0000201442
       -0.0212151293        0.0000143544        0.0307643965
       -0.0174776789        0.0000343181       -0.0533499029
        0.0000011567        0.0835739125        0.0000194756
        0.0198431073        0.0000124518        0.0148443171
        0.1197033764       -0.0000211457        0.0600458239
        0.0000165774        0.0974282097        0.0000204318
       -0.0412624775        0.0000228088        0.0294444564
        0.1747828804        0.0000796558        0.3329428042
        0.0000109304       -0.0822942367        0.0000112789
        0.0179877161        0.0000178677        0.0002916501
       -0.0174776744       -0.0000343226       -0.0533498782
       -0.0000011525        0.0835738953       -0.0000194809
        0.0198430343       -0.0000124428        0.0148442629
       -0.2457288915        0.0001303954       -0.0593844884
        0.0000224274       -0.2080292639        0.0000505355
        0.0416388527        0.0000534878       -0.0332659933
        0.0147878806       -0.0000312476       -0.1604179777
       -0.0000074782        0.1009717929       -0.0000201432
       -0.0212153061       -0.0000143583        0.0307645955
        0.1197037482        0.0000211555        0.0600455896
       -0.0000165802        0.0974281737       -0.0000204302
       -0.0412624579       -0.0000228166        0.0294445277
       -0.1727596022       -0.0002528128        0.0744812506
        0.0000012302       -0.0940407575        0.0000049826
        0.0818842034       -0.0000017406        0.0293398535
        0.0375777297       -0.0000323163       -0.0171896834
       -0.0000025117        0.0817325588        0.0000005026
       -0.0150318956       -0.0000064696        0.0569731912
        0.0000000000        0.0000000000        0.0000000000
        0.0000000000        0.0000000000        0.0000000000
        0.0000000000        0.0000000000        0.0000000000
