level        4
        0.6709915338        0.0000007140        0.0033788925
        0.0000007129        0.1473988334        0.0000106386
        0.0033788998        0.0000106394        0.6956728279
       -0.1415890304        0.0000013948       -0.0246744493
        0.0000032967       -0.0592252832        0.0000023154
       -0.0889093545        0.0000003260       -0.3078144078
        0.7664755095        0.0000023762       -0.0593081587
        0.0000023759        0.1300179005       -0.0000074299
       -0.0593081394       -0.0000074300        0.7475203831
       -0.0187520295       -0.0000012471       -0.0926706678
        0.0000005296        0.0058719399       -0.0000015020
       -0.0346480929        0.0000007507        0.0156301353
       -0.3715292263        0.0000007394        0.0056000762
        0.0000011304       -0.0572882112        0.0000010702
       -0.0813632044        0.0000001776       -0.1419654335
        0.7325722766       -0.0000035316        0.0522628779
       -0.0000035318        0.1317120288       -0.0000062341
        0.0522628650       -0.0000062345        0.7814559287
        0.0117762358        0.0000001776        0.0125882937
       -0.0000001789       -0.0090495147        0.0000003000
        0.0125882606       -0.0000002982       -0.0669259403
       -0.0520557896       -0.0000014886        0.0105959904
       -0.0000006519        0.0033387676       -0.0000006793
        0.0671577112        0.0000004449        0.0504028715
       -0.1965623626        0.0000026964        0.1299471652
        0.0000017611       -0.0610046902        0.0000019983
        0.0616597731        0.0000024689       -0.2532745284
        0.6709914434       -0.0000007098        0.0033791144
       -0.0000007099        0.1473988273       -0.0000106371
        0.0033791238       -0.0000106377        0.6956725666
       -0.0520557552        0.0000006473        0.0671577462
        0.0000014883        0.0033388471       -0.0000004453
        0.0105960821        0.0000006793        0.0504029041
       -0.0397413060       -0.0000008021       -0.0337989404
        0.0000008033       -0.0060888646        0.0000005290
       -0.0337990119       -0.0000005308       -0.0245150992
        0.0612840389       -0.0000016341       -0.0019251693
        0.0000003622        0.0063171352       -0.0000002192
        0.0430750766       -0.0000011958       -0.0549381527
       -0.1415889197       -0.0000013934       -0.0246745036
       -0.0000032955       -0.0592251607       -0.0000023178
       -0.0889094305       -0.0000003283       -0.3078142621
        0.7664748353       -0.0000023664       -0.0593080735
       -0.0000023677        0.1300177917        0.0000074258
       -0.0593080516        0.0000074270        0.7475199552
        0.0119964295        0.0000004346       -0.0127723294
       -0.0000015219        0.0024887591       -0.0000006066
        0.0213048166        0.0000003304       -0.0139144960
       -0.1892313254       -0.0000041355        0.1596433231
       -0.0000046046       -0.0358942130        0.0000056761
        0.1610022247        0.0000043618       -0.2619444088
       -0.0127921335        0.0000002385        0.0270369429
        0.0000002632        0.0042022944        0.0000000145
       -0.0103396215       -0.0000004227        0.0080813731
       -0.0036841873        0.0000000593       -0.0039029895
       -0.0000000217        0.0082341474       -0.0000001264
       -0.0017845922        0.0000002044       -0.0001543135
       -0.0004225016       -0.0000003181       -0.0012213802
       -0.0000000759       -0.0020882261        0.0000000519
       -0.0012814527        0.0000002687        0.0000915196
        0.1965957387        0.0000036519       -0.1665217018
        0.0000036520        0.0260921389       -0.0000050852
       -0.1665217205       -0.0000050854        0.2682293617
       -0.0050736447        0.0000001468        0.0022117955
       -0.0000002968        0.0081868957       -0.0000001172
        0.0001385753        0.0000000820        0.0011482401
       -0.0054237881        0.0000004414       -0.0312246924
       -0.0000002171        0.0037508877        0.0000001939
        0.0058715661        0.0000001111        0.0011932681
       -0.1003500315        0.0000016243       -0.1060957785
        0.0000014542       -0.0348754666        0.0000046535
       -0.1061916511        0.0000043805       -0.3494319516
        0.0093026753       -0.0000001663        0.0216782098
        0.0000005203        0.0021849239       -0.0000004824
       -0.0129171709        0.0000003987       -0.0140785375
       -0.0040116725       -0.0000000519        0.0019948439
        0.0000000160        0.0058871865       -0.0000001350
        0.0041532990       -0.0000001105       -0.0012239562
        0.0019110189        0.0000000368        0.0000605534
        0.0000001006       -0.0044914551       -0.0000001716
        0.0001662120       -0.0000000211        0.0011155482
        0.1031498505       -0.0000014376        0.1100800761
       -0.0000014376        0.0268127934       -0.0000042568
        0.1100800734       -0.0000042574        0.3596308326
       -0.0036841769       -0.0000000613       -0.0039029225
        0.0000000218        0.0082341769        0.0000001264
       -0.0017845351       -0.0000002041       -0.0001544106
       -0.0004225875        0.0000003184       -0.0012213201
        0.0000000743       -0.0020882438       -0.0000000508
       -0.0012813936       -0.0000002691        0.0000915262
       -0.0019487635        0.0000004500       -0.0023456668
       -0.0000001852        0.0061256425        0.0000001802
       -0.0044805993       -0.0000003182       -0.0032998066
        0.0119964227       -0.0000004312       -0.0127723702
        0.0000015230        0.0024887714        0.0000006065
        0.0213047796       -0.0000003308       -0.0139144566
       -0.1892312854        0.0000041337        0.1596432623
        0.0000046010       -0.0358941511       -0.0000056721
        0.1610022322       -0.0000043587       -0.2619443320
       -0.0001331245        0.0000000501        0.0001324791
       -0.0000000495       -0.0014852948        0.0000000151
        0.0001324565       -0.0000000154       -0.0001285643
        0.0004350922        0.0000000024       -0.0006233516
       -0.0000000527       -0.0001081893       -0.0000000787
        0.0010002937       -0.0000000131       -0.0007873978
        0.1965957303       -0.0000036499       -0.1665218514
       -0.0000036503        0.0260920335        0.0000050824
       -0.1665218709        0.0000050820        0.2682294631
       -0.0068231743       -0.0000001834       -0.0006342108
       -0.0000008754       -0.0016448610        0.0000002235
        0.0010296772       -0.0000003169        0.0004473941
        0.0071038891        0.0000018275        0.0060513684
        0.0000004536        0.0157905196        0.0000006130
        0.0012831926        0.0000043706       -0.0045054882
       -0.0451347347       -0.0000013680        0.0079424925
       -0.0000002827        0.0165105983        0.0000001588
        0.0309652320        0.0000049531        0.0054979206
       -0.2278026817       -0.0000013754       -0.0255731917
        0.0000063219       -0.0579088900        0.0000081525
       -0.0559834163        0.0000132269       -0.1185760161
       -0.0259312489        0.0000028069       -0.0223153319
        0.0000006894       -0.0066075920       -0.0000001975
       -0.0321841952       -0.0000042291        0.0006147322
       -0.0001377622        0.0000002811       -0.0000697667
        0.0000000009        0.0017518664        0.0000000853
        0.0002317380        0.0000006611       -0.0004213251
        0.0017458637       -0.0000002497       -0.0021813432
       -0.0000002540       -0.0010273445        0.0000000680
        0.0007742150        0.0000006402        0.0019180484
       -0.0002422580       -0.0000011930        0.0016028998
       -0.0000001984       -0.0052757290       -0.0000000110
        0.0021726185       -0.0000001390        0.0020936153
        0.7301762858        0.0000536778       -0.1268633215
        0.0000536772        0.1277757252       -0.0001901322
       -0.1268633368       -0.0001901322        0.8329819412
        0.0021404041        0.0000003287        0.0011411746
       -0.0000001386       -0.0017934368       -0.0000009693
       -0.0033033634        0.0000000992        0.0017032252
       -0.0032465835       -0.0000013212       -0.0008555745
       -0.0000001843       -0.0125215206       -0.0000008802
        0.0025886630       -0.0000035406        0.0030289328
        0.0037774903       -0.0000007708       -0.0073721844
        0.0000005913       -0.0062257460        0.0000004452
       -0.0061771315       -0.0000049179        0.0007493690
       -0.0491444208       -0.0000057058        0.0195535028
        0.0000001175        0.0062576125       -0.0000007904
        0.0154713568       -0.0000074395        0.0152025486
        0.0042448218       -0.0000000759        0.0067339515
        0.0000005971        0.0129276892       -0.0000000470
       -0.0065779847        0.0000050055       -0.0062198169
       -0.0004830973       -0.0000002988       -0.0002327418
       -0.0000002045       -0.0025305959        0.0000000856
       -0.0017952093       -0.0000007092       -0.0012419148
       -0.0002130911       -0.0000004290       -0.0000073727
       -0.0000000625       -0.0014198931       -0.0000002498
       -0.0021022040       -0.0000009045        0.0007746742
       -0.0007628804       -0.0000001327        0.0005246792
        0.0000000445        0.0026108349        0.0000003897
       -0.0005667087       -0.0000000339        0.0012386982
       -0.3655228693       -0.0000748558        0.2371319818
       -0.0000736720       -0.0568563757        0.0000902270
        0.2153339935        0.0000857113       -0.3456459389
        0.8443204880        0.0000398950       -0.0938011611
        0.0000398945        0.1162717782       -0.0002126175
       -0.0938011591       -0.0002126184        0.8218144286
        0.0000443363        0.0000002331       -0.0006039681
        0.0000000972        0.0001991194        0.0000001652
       -0.0002457851        0.0000000532        0.0003570054
       -0.0004414071        0.0000003096       -0.0005259594
       -0.0000003520       -0.0013248486       -0.0000003317
        0.0003456628       -0.0000016833        0.0000911664
       -0.0005780713        0.0000001426        0.0001384991
        0.0000007689       -0.0017903334       -0.0000000432
        0.0002761960       -0.0000017536       -0.0002751005
        0.0015338137        0.0000002944       -0.0007783520
       -0.0000002035       -0.0079023660       -0.0000031957
       -0.0013514411       -0.0000021285        0.0000184422
       -0.0007863571       -0.0000005266        0.0017762843
       -0.0000004809        0.0017248703        0.0000004370
       -0.0012833033        0.0000013349        0.0003057415
       -0.0001215908        0.0000000554       -0.0000961268
       -0.0000000475       -0.0003633721        0.0000000291
       -0.0000859294       -0.0000002814       -0.0000689564
       -0.0000575418        0.0000000035       -0.0000271530
        0.0000000554       -0.0004559502       -0.0000000284
       -0.0001266448       -0.0000003348        0.0000047096
       -0.0010196312       -0.0000005130       -0.0008107614
       -0.0000006868        0.0006703190       -0.0000002463
       -0.0000046526        0.0000002826        0.0006196516
        0.0104969319       -0.0000099880        0.0297975029
        0.0000078118        0.0011491634        0.0000070785
       -0.0074188790        0.0000042898       -0.0139492432
       -0.0755179820        0.0000167102       -0.0551602487
        0.0000123749       -0.0336500929        0.0001046139
       -0.0559077303        0.0001048446       -0.3848841155
        0.0674117233       -0.0000156467        0.0564934268
       -0.0000156470        0.0231866399       -0.0001102375
        0.0564934250       -0.0001102373        0.3968885972
        0.0000972563       -0.0000002138        0.0007247757
        0.0000003821       -0.0003288926       -0.0000001114
        0.0000703312       -0.0000001051       -0.0000277223
        0.0006934830       -0.0000001662        0.0006356394
       -0.0000001995        0.0013151243       -0.0000000941
       -0.0002309836        0.0000013664       -0.0002324796
        0.0021959711       -0.0000001221       -0.0026176155
        0.0000002499        0.0013002552       -0.0000006731
        0.0022540814        0.0000011419        0.0015788906
       -0.0066502443        0.0000079878       -0.0313928095
       -0.0000061141        0.0023080363       -0.0000015090
        0.0034022207        0.0000011335       -0.0026491349
       -0.0056308765        0.0000007508        0.0013880553
        0.0000005225        0.0012979652        0.0000008231
        0.0003097045       -0.0000006922        0.0009420430
        0.0001325206       -0.0000000184        0.0001214659
        0.0000000330        0.0003337943        0.0000000018
       -0.0001124282        0.0000002924       -0.0001024582
        0.0001409743        0.0000000455        0.0005210771
        0.0000000500        0.0004316324       -0.0000000634
       -0.0007135163        0.0000005393        0.0001218053
       -0.0001426149        0.0000001665       -0.0001282868
        0.0000000372       -0.0004135847       -0.0000000365
        0.0001835442       -0.0000003149        0.0002183078
       -0.0769297075        0.0000219240       -0.0738485600
        0.0000217506       -0.0390265312        0.0000863104
       -0.0701423700        0.0000873290       -0.3656377901
        0.0073553125       -0.0000091223        0.0287894587
        0.0000037077        0.0035323303        0.0000090152
       -0.0090231865        0.0000048464       -0.0145064915
       -0.0037201184       -0.0000015198        0.0021026146
       -0.0000012234        0.0128132893        0.0000030921
        0.0022075456        0.0000025267       -0.0003766552
        0.0820392082       -0.0000181313        0.0714493041
       -0.0000181313        0.0286387677       -0.0000943329
        0.0714493045       -0.0000943332        0.3804047205
        0.0000528811       -0.0000001463        0.0005511589
        0.0000000710       -0.0006186221       -0.0000001053
       -0.0000764993        0.0000000103       -0.0004309755
        0.0001068282        0.0000010748        0.0006902849
        0.0000003222       -0.0001656014        0.0000007496
       -0.0003302190        0.0000003906       -0.0005807375
       -0.0000651062        0.0000008880       -0.0006481352
       -0.0000013621        0.0019603259       -0.0000004476
        0.0004007129        0.0000007963        0.0009644908
        0.0002016491       -0.0000005692        0.0023578051
        0.0000002440        0.0130072444        0.0000052672
        0.0012923025        0.0000048526       -0.0027367570
        0.0001325198       -0.0000008017       -0.0000256662
        0.0000006329       -0.0011638974        0.0000000117
        0.0002460781       -0.0000010039       -0.0002505180
       -0.0000274952        0.0000001539       -0.0000006470
       -0.0000000838        0.0000948798       -0.0000000111
       -0.0001162514        0.0000001131       -0.0001473006
        0.0000296970        0.0000001461        0.0000669457
       -0.0000000053        0.0005967895       -0.0000000158
       -0.0002780154        0.0000002411        0.0001278349
        0.0000785095       -0.0000001377       -0.0000030240
        0.0000000286        0.0000457900       -0.0000000735
        0.0005018680        0.0000000679        0.0005228666
       -0.0151963571        0.0000028894       -0.0128254729
       -0.0000097080        0.0049739728       -0.0000071101
        0.0270021683       -0.0000001906        0.0103665872
       -0.3638631504        0.0000242737       -0.0984780250
        0.0000250302       -0.0305754024        0.0000215017
       -0.1000433270        0.0000178964       -0.0954756521
        0.0017380094       -0.0000025712        0.0075194843
        0.0000088916        0.0016002970        0.0000010518
       -0.0283037716        0.0000004260       -0.0013180236
        0.0016069426        0.0000002506       -0.0002358129
        0.0000006530       -0.0082926744       -0.0000022822
       -0.0002839859       -0.0000033961        0.0020648717
        0.3757006529       -0.0000241947        0.0990069229
       -0.0000241950        0.0228607412       -0.0000194183
        0.0990069275       -0.0000194183        0.0900582527
       -0.2278026781        0.0000013748       -0.0255731786
       -0.0000063256       -0.0579089087       -0.0000081538
       -0.0559833785       -0.0000132267       -0.1185760147
       -0.0259312359       -0.0000028113       -0.0223152477
       -0.0000006906       -0.0066075460        0.0000001965
       -0.0321841415        0.0000042301        0.0006147543
        0.0116168566        0.0000001476       -0.0019134436
        0.0000004784       -0.0066797614       -0.0000010420
       -0.0016193125        0.0000056031       -0.0057693936
       -0.0068231296        0.0000001810       -0.0006342044
        0.0000008752       -0.0016448408       -0.0000002228
        0.0010296787        0.0000003178        0.0004474057
        0.0071039598       -0.0000018270        0.0060513596
       -0.0000004529        0.0157904578       -0.0000006143
        0.0012831713       -0.0000043697       -0.0045055097
       -0.0002422524        0.0000011927        0.0016028801
        0.0000001967       -0.0052757254        0.0000000108
        0.0021726272        0.0000001390        0.0020936063
        0.0000042023        0.0000004723        0.0001487601
       -0.0000000896       -0.0023220215       -0.0000001320
       -0.0001987188        0.0000007470       -0.0004143247
       -0.0001377708       -0.0000002810       -0.0000697681
       -0.0000000004        0.0017518776       -0.0000000850
        0.0002317444       -0.0000006618       -0.0004213282
        0.0042547434        0.0000004999       -0.0015958017
       -0.0000005011       -0.0015809454       -0.0000032183
       -0.0015958027        0.0000032171        0.0003405725
       -0.0014929032       -0.0000002749        0.0005824140
        0.0000001796        0.0105565019        0.0000008508
        0.0008182210       -0.0000042017        0.0014659777
        0.0002334475       -0.0000001630       -0.0001256083
        0.0000003117        0.0028095219        0.0000006441
       -0.0013305809       -0.0000009276        0.0009320702
       -0.0002257819       -0.0000001837        0.0000587405
       -0.0000004498       -0.0017885103       -0.0000006885
        0.0015528940        0.0000008339       -0.0005253860
       -0.0001927661       -0.0000000901        0.0001104740
       -0.0000004273       -0.0005994361       -0.0000003144
        0.0006921974        0.0000002659       -0.0012140121
        0.7301759779       -0.0000536752       -0.1268632864
       -0.0000536756        0.1277757889        0.0001901440
       -0.1268632988        0.0001901437        0.8329819827
       -0.0066502306       -0.0000079883       -0.0313928254
        0.0000061128        0.0023080352        0.0000015075
        0.0034022577       -0.0000011366       -0.0026491981
       -0.0056308702       -0.0000007535        0.0013880810
       -0.0000005222        0.0012979691       -0.0000008211
        0.0003097238        0.0000006911        0.0009420498
       -0.0003877573        0.0000006983       -0.0014817265
        0.0000012039       -0.0022071691       -0.0000003372
        0.0003846694        0.0000018166       -0.0002805386
        0.0000972326        0.0000002133        0.0007247728
       -0.0000003807       -0.0003288877        0.0000001115
        0.0000703224        0.0000001055       -0.0000277385
        0.0006934500        0.0000001654        0.0006356153
        0.0000002006        0.0013151132        0.0000000958
       -0.0002310148       -0.0000013650       -0.0002324863
       -0.0001426590       -0.0000001660       -0.0001283121
       -0.0000000370       -0.0004135737        0.0000000357
        0.0001835205        0.0000003150        0.0002183079
       -0.0006467473        0.0000000779        0.0000687296
        0.0000000030       -0.0007337399       -0.0000000140
        0.0001077885        0.0000003449       -0.0000246254
        0.0001325443        0.0000000191        0.0001214710
       -0.0000000320        0.0003337908       -0.0000000017
       -0.0001124212       -0.0000002922       -0.0001024389
       -0.0002257918        0.0000004501        0.0015528956
        0.0000001836       -0.0017885097       -0.0000008335
        0.0000587432        0.0000006883       -0.0005253847
        0.0001119212        0.0000008302        0.0018565339
        0.0000000534        0.0010997343        0.0000003482
       -0.0000584302       -0.0000013590       -0.0006679972
        0.0001175452        0.0000000754        0.0001025966
        0.0000000171        0.0003942892        0.0000001843
       -0.0001419515       -0.0000002778        0.0000011924
       -0.0001288425        0.0000000417        0.0001606105
       -0.0000000415       -0.0004413102       -0.0000002252
        0.0001606112        0.0000002249       -0.0001131656
       -0.0000285252        0.0000000603        0.0002792564
       -0.0000001051       -0.0002329749       -0.0000000967
        0.0000701352        0.0000000090       -0.0001873704
       -0.0769296705       -0.0000219244       -0.0738485677
       -0.0000217546       -0.0390265027       -0.0000863177
       -0.0701423681       -0.0000873327       -0.3656378353
        0.0820392383        0.0000181335        0.0714493020
        0.0000181331        0.0286387694        0.0000943376
        0.0714493039        0.0000943384        0.3804047745
       -0.0491444473        0.0000057066        0.0195535256
       -0.0000001171        0.0062576200        0.0000007896
        0.0154713968        0.0000074370        0.0152024635
        0.0042448709        0.0000000748        0.0067339946
       -0.0000005973        0.0129277081        0.0000000457
       -0.0065779356       -0.0000050061       -0.0062197878
       -0.0023566742       -0.0000024205        0.0015883922
       -0.0000013068        0.0073909261        0.0000001909
        0.0022723896       -0.0000051020       -0.0002322905
        0.0021403870       -0.0000003286        0.0011411302
        0.0000001394       -0.0017934035        0.0000009704
       -0.0033033394       -0.0000000994        0.0017032414
       -0.0032465308        0.0000013199       -0.0008555998
        0.0000001831       -0.0125215560        0.0000008793
        0.0025886511        0.0000035399        0.0030289521
       -0.0007628850        0.0000001326        0.0005246812
       -0.0000000438        0.0026108450       -0.0000003882
       -0.0005667055        0.0000000333        0.0012387102
        0.0002109320       -0.0000003459       -0.0000552298
       -0.0000000776        0.0015281561        0.0000002298
        0.0017572607       -0.0000007810       -0.0005881880
       -0.0004831128        0.0000002990       -0.0002327182
        0.0000002045       -0.0025305882       -0.0000000856
       -0.0017952117        0.0000007091       -0.0012419071
       -0.0014929054       -0.0000001787        0.0008182231
        0.0000002761        0.0105564924        0.0000042022
        0.0005824137       -0.0000008505        0.0014659798
        0.0004440501        0.0000004731       -0.0000954360
       -0.0000004726       -0.0143821738       -0.0000020591
       -0.0000954401        0.0000020594        0.0038190588
       -0.0001452952        0.0000002466        0.0000287152
        0.0000008196       -0.0012489605       -0.0000013088
       -0.0017154832        0.0000004287        0.0010422812
        0.0001119225       -0.0000000534       -0.0000584351
       -0.0000008303        0.0010997393        0.0000013589
        0.0018565293       -0.0000003483       -0.0006679893
        0.0001434797        0.0000000250       -0.0000682498
        0.0000004369       -0.0009714901        0.0000005667
        0.0011208561        0.0000003786       -0.0013768429
       -0.3655227808        0.0000748589        0.2371319047
        0.0000736766       -0.0568564026       -0.0000902318
        0.2153339341       -0.0000857127       -0.3456459185
        0.0073553902       -0.0000037075       -0.0090231748
        0.0000091216        0.0035323145       -0.0000048466
        0.0287894483       -0.0000090145       -0.0145065060
        0.8443201238       -0.0000398916       -0.0938012069
       -0.0000398917        0.1162716799        0.0002126287
       -0.0938012036        0.0002126291        0.8218143965
        0.0015338657       -0.0000002927       -0.0007784564
        0.0000002022       -0.0079023656        0.0000031970
       -0.0013514485        0.0000021276        0.0000184479
       -0.0007864160        0.0000005272        0.0017762895
        0.0000004806        0.0017248726       -0.0000004369
       -0.0012832905       -0.0000013357        0.0003057149
        0.0007722089       -0.0000000092       -0.0004892625
       -0.0000004870        0.0019122029        0.0000005123
       -0.0004060788       -0.0000019728        0.0005314686
        0.0000443198       -0.0000002318       -0.0006040008
       -0.0000000972        0.0001991318       -0.0000001646
       -0.0002457814       -0.0000000533        0.0003570235
       -0.0004413978       -0.0000003098       -0.0005259626
        0.0000003523       -0.0013248402        0.0000003317
        0.0003456607        0.0000016829        0.0000911773
       -0.0010196402        0.0000005126       -0.0008107294
        0.0000006854        0.0006703203        0.0000002458
       -0.0000046807       -0.0000002817        0.0006196486
        0.0001132531        0.0000000341       -0.0000742209
        0.0000000495        0.0003978952        0.0000000520
        0.0000803768       -0.0000003048       -0.0000264011
       -0.0001215811       -0.0000000555       -0.0000961246
        0.0000000476       -0.0003633708       -0.0000000293
       -0.0000859380        0.0000002815       -0.0000689630
        0.0002334760       -0.0000003115       -0.0013305959
        0.0000001633        0.0028095107        0.0000009272
       -0.0001256183       -0.0000006443        0.0009320704
       -0.0001452988       -0.0000008201       -0.0017154854
       -0.0000002470       -0.0012489668       -0.0000004284
        0.0000287155        0.0000013089        0.0010422736
       -0.0001123857       -0.0000000698       -0.0001157949
        0.0000000700       -0.0002225818       -0.0000002722
       -0.0001157948        0.0000002721        0.0000959304
        0.0001175449       -0.0000000172       -0.0001419512
       -0.0000000753        0.0003942888        0.0000002777
        0.0001025967       -0.0000001846        0.0000011921
        0.0000390707       -0.0000000654       -0.0002395744
        0.0000001277        0.0001007790        0.0000001245
        0.0001227532        0.0000000564        0.0000101686
        0.0104970028        0.0000099868        0.0297974937
       -0.0000078107        0.0011491514       -0.0000070772
       -0.0074188851       -0.0000042914       -0.0139492277
       -0.0037201036        0.0000012239        0.0022075333
        0.0000015203        0.0128132877       -0.0000025268
        0.0021026042       -0.0000030925       -0.0003766701
       -0.0755179758       -0.0000167113       -0.0551602455
       -0.0000123770       -0.0336500853       -0.0001046209
       -0.0559077293       -0.0001048501       -0.3848840593
        0.0674116842        0.0000156481        0.0564934865
        0.0000156476        0.0231866474        0.0001102445
        0.0564934815        0.0001102441        0.3968886075
        0.0002015937        0.0000005689        0.0023577884
       -0.0000002441        0.0130072187       -0.0000052664
        0.0012923113       -0.0000048526       -0.0027367453
        0.0001324953        0.0000008017       -0.0000256831
       -0.0000006345       -0.0011638782       -0.0000000120
        0.0002460833        0.0000010042       -0.0002505089
       -0.0003551756        0.0000011375       -0.0000996986
        0.0000004274       -0.0021924708       -0.0000001611
        0.0004800346        0.0000009485        0.0000511980
        0.0000528854        0.0000001464        0.0005511470
       -0.0000000705       -0.0006186276        0.0000001056
       -0.0000764994       -0.0000000103       -0.0004309704
        0.0001068688       -0.0000010741        0.0006903269
       -0.0000003222       -0.0001656064       -0.0000007500
       -0.0003302330       -0.0000003909       -0.0005807451
        0.0000784975        0.0000001382       -0.0000030184
       -0.0000000287        0.0000457860        0.0000000732
        0.0005018682       -0.0000000676        0.0005228731
       -0.0000763943        0.0000001624        0.0000244969
        0.0000000090       -0.0002808656       -0.0000000107
        0.0003266010        0.0000001182       -0.0000933803
       -0.0000274946       -0.0000001539       -0.0000006486
        0.0000000839        0.0000948803        0.0000000111
       -0.0001162502       -0.0000001132       -0.0001473024
       -0.0001927682        0.0000004276        0.0006921999
        0.0000000900       -0.0005994452       -0.0000002661
        0.0001104756        0.0000003143       -0.0012140183
        0.0001434788       -0.0000004363        0.0011208564
       -0.0000000254       -0.0009715010       -0.0000003785
       -0.0000682479       -0.0000005670       -0.0013768493
        0.0000390695       -0.0000001277        0.0001227529
        0.0000000655        0.0001007770       -0.0000000561
       -0.0002395741       -0.0000001245        0.0000101681
       -0.0000285266        0.0000001048        0.0000701346
       -0.0000000606       -0.0002329712       -0.0000000092
        0.0002792560        0.0000000963       -0.0001873704
       -0.0000253242       -0.0000000135        0.0000934673
        0.0000000137       -0.0001474635       -0.0000000004
        0.0000934676        0.0000000003       -0.0003547069
       -0.0151963400       -0.0000028888       -0.0128255036
        0.0000097095        0.0049739622        0.0000071088
        0.0270021397        0.0000001910        0.0103665695
        0.0016069437       -0.0000002502       -0.0002358232
       -0.0000006521       -0.0082926776        0.0000022822
       -0.0002839830        0.0000033960        0.0020648853
       -0.3638631414       -0.0000242782       -0.0984780248
       -0.0000250338       -0.0305753616       -0.0000215021
       -0.1000433250       -0.0000178978       -0.0954756109
        0.0017380123        0.0000025708        0.0075194891
       -0.0000088921        0.0016002918       -0.0000010511
       -0.0283037717       -0.0000004265       -0.0013180227
        0.3757006433        0.0000241984        0.0990069206
        0.0000241985        0.0228607525        0.0000194191
        0.0990069248        0.0000194191        0.0900582437
       -0.1965621369       -0.0000017598        0.0616597759
       -0.0000026972       -0.0610045955       -0.0000024672
        0.1299471104       -0.0000019966       -0.2532743878
        0.0612840875       -0.0000003618        0.0430750214
        0.0000016358        0.0063171280        0.0000011978
       -0.0019252326        0.0000002194       -0.0549383106
       -0.0602811698       -0.0000000109        0.0213078485
        0.0000000090       -0.0084604649        0.0000000430
        0.0213079066       -0.0000000438       -0.0059138475
       -0.0187518989        0.0000012478       -0.0926706960
       -0.0000005301        0.0058718636        0.0000014994
       -0.0346481447       -0.0000007473        0.0156302379
       -0.3715291203       -0.0000007436        0.0056002313
       -0.0000011301       -0.0572882090       -0.0000010700
       -0.0813632642       -0.0000001764       -0.1419653450
       -0.0019487067        0.0000001870       -0.0044806935
       -0.0000004511        0.0061256575        0.0000003187
       -0.0023457309       -0.0000001806       -0.0032997733
       -0.0011256736       -0.0000000941        0.0009459869
       -0.0000001841       -0.0025792100       -0.0000002828
        0.0007757988       -0.0000000340        0.0008402789
       -0.0127920283       -0.0000002629       -0.0103396865
       -0.0000002384        0.0042023175        0.0000004226
        0.0270369346       -0.0000000146        0.0080813034
        0.0116167881       -0.0000004787       -0.0016194113
       -0.0000001462       -0.0066797605       -0.0000056057
       -0.0019134821        0.0000010437       -0.0057694084
       -0.0023566664        0.0000013063        0.0022724343
        0.0000024214        0.0073909181        0.0000051023
        0.0015883812       -0.0000001906       -0.0002322468
        0.0007723114        0.0000004886       -0.0004061145
        0.0000000088        0.0019122086        0.0000019742
       -0.0004893165       -0.0000005130        0.0005315163
       -0.0003876999       -0.0000012044        0.0003847065
       -0.0000006976       -0.0022071601       -0.0000018164
       -0.0014817083        0.0000003382       -0.0002805276
       -0.0003551215       -0.0000004260        0.0004800206
       -0.0000011382       -0.0021924706       -0.0000009482
       -0.0000997269        0.0000001606        0.0000512000
       -0.0451347876        0.0000002844        0.0309651174
        0.0000013677        0.0165105805       -0.0000049510
        0.0079424334       -0.0000001585        0.0054979375
        0.0021960014       -0.0000002513        0.0022540923
        0.0000001225        0.0013002849       -0.0000011399
       -0.0026175632        0.0000006724        0.0015789749
        0.0037776206       -0.0000005929       -0.0061770650
        0.0000007699       -0.0062257229        0.0000049185
       -0.0073721021       -0.0000004436        0.0007493326
       -0.0005780493       -0.0000007684        0.0002761690
       -0.0000001430       -0.0017903428        0.0000017537
        0.0001385329        0.0000000420       -0.0002750881
       -0.0000650287        0.0000013620        0.0004007261
       -0.0000008887        0.0019603414       -0.0000007961
       -0.0006481286        0.0000004475        0.0009644742
        0.7325711580        0.0000035288        0.0522630636
        0.0000035288        0.1317118771        0.0000062135
        0.0522630524        0.0000062135        0.7814554367
        0.0093026300        0.0000001650        0.0216781607
       -0.0000005184        0.0021848880        0.0000004792
       -0.0129172770       -0.0000003978       -0.0140784130
       -0.0040117528        0.0000000529        0.0019948429
       -0.0000000164        0.0058871656        0.0000001363
        0.0041532460        0.0000001111       -0.0012239862
       -0.0011257178        0.0000001842        0.0007757715
        0.0000000938       -0.0025792367        0.0000000338
        0.0009459750        0.0000002841        0.0008402165
       -0.0050735659       -0.0000001479        0.0022117779
        0.0000002968        0.0081869046        0.0000001190
        0.0001385687       -0.0000000835        0.0011482504
       -0.0054236820       -0.0000004398       -0.0312246515
        0.0000002157        0.0037508719       -0.0000001954
        0.0058716500       -0.0000001103        0.0011932204
        0.0004351069        0.0000000525        0.0010003059
       -0.0000000022       -0.0001081931        0.0000000133
       -0.0006233463        0.0000000785       -0.0007874352
       -0.0000650354        0.0000000345       -0.0001082293
       -0.0000000345       -0.0014832153       -0.0000000572
       -0.0001082304        0.0000000567       -0.0002064452
        0.0019109666       -0.0000000374        0.0000605920
       -0.0000001009       -0.0044914438        0.0000001707
        0.0001662200        0.0000000206        0.0011154810
        0.0000041890        0.0000000896       -0.0001987080
       -0.0000004720       -0.0023220332       -0.0000007467
        0.0001487851        0.0000001314       -0.0004143358
        0.0002109299        0.0000000777        0.0017572730
        0.0000003460        0.0015281336        0.0000007812
       -0.0000552223       -0.0000002297       -0.0005881871
        0.0001132384       -0.0000000492        0.0000803926
       -0.0000000343        0.0003978895        0.0000003047
       -0.0000742024       -0.0000000514       -0.0000263874
       -0.0006467682       -0.0000000033        0.0001077733
       -0.0000000778       -0.0007337375       -0.0000003453
        0.0000687170        0.0000000140       -0.0000246374
       -0.0000763989       -0.0000000088        0.0003266032
       -0.0000001626       -0.0002808737       -0.0000001183
        0.0000245015        0.0000000108       -0.0000933871
        0.0017458161        0.0000002553        0.0007742338
        0.0000002500       -0.0010274135       -0.0000006398
       -0.0021813266       -0.0000000699        0.0019179867
        0.0001408863       -0.0000000503       -0.0007135032
       -0.0000000456        0.0004316048       -0.0000005385
        0.0005210929        0.0000000643        0.0001217978
       -0.0002130770        0.0000000615       -0.0021021957
        0.0000004298       -0.0014199159        0.0000009038
       -0.0000073721        0.0000002499        0.0007746589
       -0.0000575442       -0.0000000554       -0.0001266489
       -0.0000000036       -0.0004559481        0.0000003346
       -0.0000271413        0.0000000283        0.0000046964
        0.0000297054        0.0000000050       -0.0002780232
       -0.0000001459        0.0005967661       -0.0000002412
        0.0000669535        0.0000000159        0.0001278084
       -0.1003499919       -0.0000016182       -0.1060957462
       -0.0000014497       -0.0348754385       -0.0000046369
       -0.1061915897       -0.0000043666       -0.3494318057
        0.1031500018        0.0000014331        0.1100799959
        0.0000014327        0.0268130302        0.0000042431
        0.1100799945        0.0000042439        0.3596309391
