$forceapprox          (8f10.5)
# approximate force constant matrix for project :
#  --->    <---
   0.44444
   0.01265   0.27080
  -0.00005   0.00004   0.23653
   0.00067   0.00395  -0.00002   0.44374
  -0.01394  -0.00772  -0.00014  -0.00489   0.31665
   0.00013  -0.00017  -0.00002   0.00005   0.00015   0.14146
   0.00016   0.01265  -0.00005   0.00067  -0.01395   0.00013   0.44444
  -0.01265   0.01462  -0.00004  -0.00395   0.00773   0.00017  -0.01265   0.27079
#  coordinates    9 to   16
  -0.00005   0.00004   0.00002  -0.00002  -0.00014  -0.00002  -0.00005  -0.00004
   0.23655
   0.00143  -0.00031  -0.00008   0.00056   0.00073   0.00013   0.00143   0.00031
  -0.00008   0.09019
   0.00166  -0.00425   0.00004   0.00063   0.00617  -0.00008   0.00166   0.00425
   0.00004  -0.00036   0.41883
   0.00770  -0.00403   0.00001   0.00225   0.00691  -0.00002   0.00770   0.00402
   0.00001  -0.00022  -0.00044   0.76730
   0.01199  -0.01415   0.00004   0.00377   0.00289  -0.00017   0.01199   0.01415
   0.00004  -0.00033  -0.00430  -0.00373   0.21472
  -0.00337  -0.00309  -0.00006  -0.00165   0.00480   0.00008  -0.00337   0.00309
  -0.00006  -0.00003   0.00251   0.00136  -0.00321   0.16221
  -0.00050   0.00025   0.00007  -0.00021  -0.00008  -0.00012  -0.00050  -0.00025
   0.00007  -0.00047   0.00043   0.00009   0.00027  -0.00005   0.14186
  -0.00136   0.00849  -0.00006   0.00018  -0.01103   0.00016  -0.00136  -0.00849
  -0.00006   0.00099   0.00050   0.00265   0.00913  -0.00264  -0.00060   0.44626
#  coordinates   17 to   24
   0.00163  -0.00896  -0.00004   0.00049  -0.03527  -0.00001   0.00163   0.00896
  -0.00004   0.00026  -0.00012   0.00083  -0.00563  -0.00071   0.00001   0.00102
   0.33173
   0.00177  -0.00111  -0.00019   0.00060   0.00219   0.00033   0.00177   0.00111
  -0.00019   0.00114  -0.00149  -0.00055  -0.00134   0.00015  -0.00113   0.00184
   0.00034   0.25170
  -0.00136   0.00849  -0.00006   0.00018  -0.01103   0.00016  -0.00136  -0.00849
  -0.00006   0.00099   0.00050   0.00265   0.00913  -0.00264  -0.00060  -0.00122
   0.00102   0.00184   0.44626
  -0.00162   0.00896   0.00004  -0.00049   0.03528   0.00001  -0.00162  -0.00896
   0.00004  -0.00026   0.00012  -0.00083   0.00562   0.00071  -0.00001  -0.00102
   0.01550  -0.00034  -0.00102   0.33175
   0.00177  -0.00111  -0.00019   0.00060   0.00219   0.00033   0.00177   0.00111
  -0.00019   0.00114  -0.00149  -0.00055  -0.00134   0.00015  -0.00113   0.00184
   0.00034   0.00287   0.00184  -0.00034   0.25169
   0.00143  -0.00031  -0.00008   0.00056   0.00073   0.00013   0.00143   0.00031
  -0.00008   0.00051  -0.00035  -0.00022  -0.00033  -0.00003  -0.00047   0.00099
   0.00026   0.00114   0.00099  -0.00026   0.00114   0.09019
   0.00166  -0.00425   0.00004   0.00063   0.00617  -0.00008   0.00166   0.00425
   0.00004  -0.00036   0.00258  -0.00044  -0.00430   0.00251   0.00043   0.00050
  -0.00012  -0.00149   0.00050   0.00012  -0.00149  -0.00035   0.41883
   0.00770  -0.00403   0.00001   0.00225   0.00690  -0.00002   0.00770   0.00402
   0.00001  -0.00022  -0.00044  -0.00225  -0.00373   0.00136   0.00009   0.00265
   0.00083  -0.00055   0.00265  -0.00083  -0.00055  -0.00022  -0.00044   0.76730
#  coordinates   25 to   32
  -0.01199   0.01415  -0.00004  -0.00377  -0.00289   0.00017  -0.01199  -0.01415
  -0.00004   0.00033   0.00430   0.00373   0.01533   0.00321  -0.00027  -0.00913
   0.00563   0.00134  -0.00913  -0.00562   0.00134   0.00033   0.00430   0.00373
   0.21472
  -0.00337  -0.00309  -0.00006  -0.00165   0.00480   0.00008  -0.00337   0.00309
  -0.00006  -0.00003   0.00251   0.00136  -0.00321   0.00519  -0.00005  -0.00264
  -0.00071   0.00015  -0.00264   0.00071   0.00015  -0.00003   0.00251   0.00136
   0.00321   0.16221
  -0.00050   0.00025   0.00007  -0.00021  -0.00008  -0.00012  -0.00050  -0.00025
   0.00007  -0.00047   0.00043   0.00009   0.00027  -0.00005   0.00044  -0.00060
   0.00001  -0.00113  -0.00060  -0.00001  -0.00113  -0.00047   0.00043   0.00009
  -0.00027  -0.00005   0.14186
   0.00067   0.00395  -0.00002   0.00061  -0.00489   0.00005   0.00067  -0.00395
  -0.00002   0.00056   0.00063   0.00225   0.00377  -0.00165  -0.00021   0.00018
   0.00049   0.00060   0.00018  -0.00049   0.00060   0.00056   0.00063   0.00225
  -0.00377  -0.00165  -0.00021   0.44374
  -0.01395  -0.00773  -0.00014  -0.00489  -0.09764   0.00015  -0.01395   0.00772
  -0.00014   0.00073   0.00617   0.00691   0.00289   0.00480  -0.00008  -0.01103
  -0.03527   0.00219  -0.01103   0.03528   0.00219   0.00073   0.00617   0.00691
  -0.00289   0.00480  -0.00008  -0.00489   0.31665
   0.00013  -0.00017  -0.00002   0.00005   0.00016   0.00004   0.00013   0.00017
  -0.00002   0.00013  -0.00008  -0.00002  -0.00017   0.00008  -0.00012   0.00016
  -0.00001   0.00033   0.00016   0.00001   0.00033   0.00013  -0.00008  -0.00002
   0.00017   0.00008  -0.00012   0.00005   0.00016   0.14146
   0.00360  -0.00124  -0.00068   0.00152   0.00000   0.00119   0.00360   0.00125
  -0.00068   0.00426  -0.00343  -0.00060  -0.00107   0.00101  -0.00409   0.00441
   0.00013   0.01048   0.00441  -0.00013   0.01048   0.00426  -0.00343  -0.00060
   0.00107   0.00101  -0.00409   0.00152   0.00000   0.00119   0.07755
   0.00276   0.00343  -0.00007   0.00117  -0.01512   0.00014   0.00276  -0.00343
  -0.00007   0.00061   0.00290   0.00113   0.00638   0.00177  -0.00032  -0.00198
  -0.00224   0.00102  -0.00198   0.00224   0.00102   0.00061   0.00290   0.00113
  -0.00638   0.00177  -0.00032   0.00117  -0.01512   0.00014   0.00191   0.73875
#  coordinates   33 to   40
  -0.01099   0.00120  -0.00026  -0.00442   0.00166   0.00043  -0.01099  -0.00120
  -0.00026   0.00112   0.01005   0.00857   0.00169   0.01380  -0.00068  -0.00997
  -0.00069   0.00216  -0.00997   0.00069   0.00217   0.00112   0.01005   0.00857
  -0.00169   0.01380  -0.00068  -0.00442   0.00166   0.00043   0.00690   0.00452
   0.41336
   0.00360  -0.00124  -0.00068   0.00152   0.00000   0.00119   0.00360   0.00125
  -0.00068   0.00426  -0.00343  -0.00060  -0.00107   0.00101  -0.00409   0.00441
   0.00013   0.01048   0.00441  -0.00013   0.01048   0.00426  -0.00343  -0.00060
   0.00107   0.00101  -0.00409   0.00152   0.00000   0.00119   0.03725   0.00191
   0.00690   0.07755
   0.00276   0.00343  -0.00007   0.00117  -0.01512   0.00014   0.00276  -0.00343
  -0.00007   0.00061   0.00290   0.00113   0.00638   0.00177  -0.00032  -0.00198
  -0.00224   0.00102  -0.00198   0.00224   0.00102   0.00061   0.00290   0.00113
  -0.00638   0.00177  -0.00032   0.00117  -0.01512   0.00014   0.00191  -0.00385
   0.00452   0.00191   0.73875
  -0.01099   0.00120  -0.00026  -0.00442   0.00166   0.00043  -0.01099  -0.00120
  -0.00026   0.00112   0.01005   0.00857   0.00169   0.01380  -0.00068  -0.00997
  -0.00069   0.00217  -0.00997   0.00069   0.00217   0.00112   0.01005   0.00857
  -0.00169   0.01380  -0.00068  -0.00442   0.00166   0.00043   0.00690   0.00452
   0.03419   0.00690   0.00452   0.41336
  -0.00340   0.02249  -0.00001  -0.00079   0.03520   0.00019  -0.00339  -0.02249
  -0.00001   0.00038   0.00473   0.00293   0.02069   0.00375  -0.00033  -0.00674
   0.02234   0.00076  -0.00674  -0.02235   0.00076   0.00038   0.00473   0.00293
  -0.02069   0.00375  -0.00033  -0.00079   0.03520   0.00019   0.00125  -0.00113
   0.00451   0.00125  -0.00113   0.00451   0.63121
  -0.00091  -0.00898  -0.00010  -0.00182   0.02113   0.00013  -0.00090   0.00898
  -0.00010  -0.00031   0.00415   0.00228  -0.01059   0.01125   0.00011  -0.00282
   0.00090  -0.00041  -0.00282  -0.00090  -0.00041  -0.00031   0.00415   0.00228
   0.01059   0.01125   0.00011  -0.00182   0.02113   0.00013   0.00097   0.00742
   0.03431   0.00097   0.00742   0.03431   0.01094   0.28011
   0.00251  -0.00071  -0.00058   0.00112  -0.00050   0.00102   0.00251   0.00071
  -0.00058   0.00365  -0.00283  -0.00039  -0.00052   0.00090  -0.00349   0.00346
   0.00009   0.00899   0.00346  -0.00009   0.00899   0.00365  -0.00283  -0.00039
   0.00052   0.00090  -0.00349   0.00112  -0.00050   0.00102   0.03179   0.00140
   0.00560   0.03179   0.00140   0.00560   0.00066   0.00101   0.38257
  -0.00340   0.02249  -0.00001  -0.00079   0.03520   0.00019  -0.00339  -0.02249
  -0.00001   0.00038   0.00473   0.00293   0.02069   0.00375  -0.00033  -0.00674
   0.02234   0.00076  -0.00674  -0.02235   0.00076   0.00038   0.00473   0.00293
  -0.02069   0.00375  -0.00033  -0.00079   0.03520   0.00019   0.00125  -0.00113
   0.00450   0.00125  -0.00113   0.00450  -0.04082   0.01094   0.00066   0.63121
#  coordinates   41 to   48
  -0.00090  -0.00898  -0.00010  -0.00182   0.02113   0.00013  -0.00090   0.00898
  -0.00010  -0.00031   0.00415   0.00228  -0.01059   0.01125   0.00011  -0.00283
   0.00090  -0.00041  -0.00282  -0.00090  -0.00041  -0.00031   0.00415   0.00228
   0.01059   0.01125   0.00011  -0.00182   0.02113   0.00013   0.00097   0.00741
   0.03431   0.00097   0.00742   0.03430   0.01094   0.02379   0.00101   0.01094
   0.28011
   0.00251  -0.00071  -0.00058   0.00112  -0.00050   0.00102   0.00251   0.00071
  -0.00058   0.00365  -0.00283  -0.00039  -0.00052   0.00090  -0.00349   0.00346
   0.00009   0.00899   0.00346  -0.00009   0.00899   0.00365  -0.00283  -0.00039
   0.00052   0.00090  -0.00349   0.00112  -0.00050   0.00102   0.03179   0.00140
   0.00560   0.03179   0.00140   0.00560   0.00066   0.00101   0.02713   0.00066
   0.00101   0.38260
   0.00588   0.00154  -0.00008   0.00277  -0.02208   0.00016   0.00588  -0.00154
  -0.00008   0.00107  -0.00004  -0.00049   0.00447  -0.00314  -0.00068   0.00219
  -0.00487   0.00178   0.00219   0.00487   0.00178   0.00107  -0.00004  -0.00049
  -0.00447  -0.00314  -0.00068   0.00277  -0.02208   0.00016   0.00505  -0.00361
  -0.00673   0.00505  -0.00361  -0.00673   0.00291  -0.00455   0.00414   0.00291
  -0.00455   0.00414   0.55095
   0.00209   0.01055  -0.00003   0.00129   0.01493   0.00014   0.00209  -0.01055
  -0.00003   0.00056   0.00270   0.00060   0.01020   0.00081  -0.00038  -0.00134
   0.01068   0.00069  -0.00134  -0.01068   0.00069   0.00056   0.00270   0.00060
  -0.01020   0.00081  -0.00038   0.00129   0.01493   0.00014   0.00227  -0.00020
   0.00202   0.00227  -0.00020   0.00202  -0.01849   0.00273   0.00174  -0.01849
   0.00273   0.00174   0.00318   0.65029
   0.00803   0.00344  -0.00005   0.00297  -0.01184   0.00011   0.00803  -0.00344
  -0.00005   0.00091  -0.00011   0.00168   0.00462  -0.00212  -0.00045   0.00221
  -0.00118   0.00124   0.00221   0.00118   0.00124   0.00091  -0.00011   0.00168
  -0.00462  -0.00212  -0.00045   0.00297  -0.01184   0.00011   0.00343   0.00019
  -0.00266   0.00343   0.00019  -0.00266   0.00206  -0.00100   0.00268   0.00206
  -0.00100   0.00268   0.00214   0.00261   0.42562
   0.00588   0.00154  -0.00008   0.00277  -0.02208   0.00016   0.00588  -0.00154
  -0.00008   0.00107  -0.00004  -0.00049   0.00447  -0.00314  -0.00068   0.00219
  -0.00487   0.00178   0.00219   0.00487   0.00178   0.00107  -0.00004  -0.00049
  -0.00447  -0.00314  -0.00068   0.00277  -0.02208   0.00016   0.00505  -0.00361
  -0.00673   0.00505  -0.00361  -0.00673   0.00291  -0.00455   0.00414   0.00291
  -0.00455   0.00414   0.00034   0.00318   0.00214   0.55095
   0.00208   0.01055  -0.00003   0.00129   0.01493   0.00014   0.00208  -0.01055
  -0.00003   0.00056   0.00270   0.00060   0.01020   0.00081  -0.00038  -0.00134
   0.01068   0.00069  -0.00134  -0.01068   0.00069   0.00056   0.00270   0.00060
  -0.01020   0.00081  -0.00038   0.00129   0.01493   0.00014   0.00227  -0.00019
   0.00202   0.00227  -0.00020   0.00202  -0.01849   0.00273   0.00174  -0.01849
   0.00273   0.00174   0.00318  -0.00728   0.00261   0.00318   0.65029
   0.00803   0.00344  -0.00005   0.00297  -0.01184   0.00011   0.00803  -0.00344
  -0.00005   0.00091  -0.00011   0.00168   0.00462  -0.00212  -0.00045   0.00221
  -0.00118   0.00124   0.00222   0.00118   0.00124   0.00091  -0.00011   0.00168
  -0.00462  -0.00212  -0.00045   0.00297  -0.01184   0.00011   0.00343   0.00019
  -0.00266   0.00343   0.00019  -0.00266   0.00206  -0.00100   0.00268   0.00206
  -0.00099   0.00268   0.00214   0.00261   0.00568   0.00214   0.00261   0.42563
#  coordinates   49 to   54
  -0.00549   0.00657  -0.00005  -0.00148  -0.01248   0.00013  -0.00549  -0.00657
  -0.00005   0.00049  -0.00135   0.00019   0.00783  -0.00262  -0.00053  -0.00245
  -0.00055   0.00187  -0.00245   0.00056   0.00187   0.00049  -0.00135   0.00019
  -0.00783  -0.00262  -0.00053  -0.00148  -0.01248   0.00013   0.00391  -0.00613
  -0.01327   0.00391  -0.00613  -0.01327  -0.00899  -0.00432   0.00317  -0.00899
  -0.00432   0.00317  -0.00149  -0.00440  -0.00265  -0.00149  -0.00440  -0.00265
   0.37699
  -0.00106  -0.00173  -0.00006  -0.00113   0.00396   0.00010  -0.00106   0.00173
  -0.00006   0.00017   0.00354   0.00398  -0.00226   0.00628   0.00000  -0.00294
  -0.00048   0.00017  -0.00294   0.00048   0.00017   0.00017   0.00354   0.00398
   0.00226   0.00628   0.00000  -0.00113   0.00396   0.00010   0.00079   0.00422
   0.01809   0.00079   0.00422   0.01809   0.00673   0.01587   0.00059   0.00673
   0.01587   0.00059  -0.00256   0.00255   0.00105  -0.00256   0.00255   0.00104
  -0.00533   0.29743
   0.00000   0.00000   0.00000   0.00000   0.00000   0.00000   0.00000   0.00000
   0.00000   0.00000   0.00000   0.00000   0.00000   0.00000   0.00000   0.00000
   0.00000   0.00000   0.00000   0.00000   0.00000   0.00000   0.00000   0.00000
   0.00000   0.00000   0.00000   0.00000   0.00000   0.00000   0.00000   0.00000
   0.00000   0.00000   0.00000   0.00000   0.00000   0.00000   0.00000   0.00000
   0.00000   0.00000   0.00000   0.00000   0.00000   0.00000   0.00000   0.00000
   0.00000   0.00000   0.31947
   0.00105  -0.00036  -0.00028   0.00048  -0.00049   0.00050   0.00105   0.00036
  -0.00028   0.00180  -0.00126  -0.00012  -0.00022   0.00059  -0.00172   0.00156
  -0.00006   0.00443   0.00156   0.00006   0.00443   0.00180  -0.00126  -0.00012
   0.00022   0.00059  -0.00172   0.00048  -0.00049   0.00050   0.01563   0.00065
   0.00306   0.01563   0.00065   0.00306   0.00041   0.00087   0.01333   0.00041
   0.00087   0.01333   0.00188   0.00087   0.00121   0.00188   0.00087   0.00121
   0.00139   0.00045   0.00000   0.39167
   0.00204  -0.00065  -0.00046   0.00091  -0.00057   0.00082   0.00203   0.00065
  -0.00046   0.00294  -0.00229  -0.00030  -0.00047   0.00072  -0.00282   0.00280
  -0.00003   0.00725   0.00280   0.00003   0.00724   0.00294  -0.00229  -0.00030
   0.00047   0.00072  -0.00282   0.00091  -0.00057   0.00082   0.02565   0.00114
   0.00450   0.02565   0.00114   0.00451   0.00067   0.00081   0.02188   0.00067
   0.00081   0.02188   0.00332   0.00146   0.00216   0.00332   0.00146   0.00216
   0.00257   0.00046   0.00000   0.01076   0.57744
   0.00000   0.00000   0.00000   0.00000   0.00000   0.00000   0.00000   0.00000
   0.00000   0.00000   0.00000   0.00000   0.00000   0.00000   0.00000   0.00000
   0.00000   0.00000   0.00000   0.00000   0.00000   0.00000   0.00000   0.00000
   0.00000   0.00000   0.00000   0.00000   0.00000   0.00000   0.00000   0.00000
   0.00000   0.00000   0.00000   0.00000   0.00000   0.00000   0.00000   0.00000
   0.00000   0.00000   0.00000   0.00000   0.00000   0.00000   0.00000   0.00000
   0.00000   0.00000   0.00000   0.00000   0.00000   0.20000
$end
