$basis
*
c cc-pVDZ
# c     (17s4p1d) / [3s2p1d]     {881/31/1}
*
   8  s
  6665.0000000      0.69200000000E-03
  1000.0000000      0.53290000000E-02
  228.00000000      0.27077000000E-01
  64.710000000      0.10171800000
  21.060000000      0.27474000000
  7.4950000000      0.44856400000
  2.7970000000      0.28507400000
 0.52150000000      0.15204000000E-01
   8  s
  6665.0000000     -0.14600000000E-03
  1000.0000000     -0.11540000000E-02
  228.00000000     -0.57250000000E-02
  64.710000000     -0.23312000000E-01
  21.060000000     -0.63955000000E-01
  7.4950000000     -0.14998100000
  2.7970000000     -0.12726200000
 0.52150000000      0.54452900000
   1  s
 0.15960000000       1.0000000000
   3  p
  9.4390000000      0.38109000000E-01
  2.0020000000      0.20948000000
 0.54560000000      0.50855700000
   1  p
 0.15170000000       1.0000000000
   1  d
 0.55000000000       1.0000000000
*
o cc-pVDZ
# o     (17s4p1d) / [3s2p1d]     {881/31/1}
*
   8  s
  11720.000000      0.71000000000E-03
  1759.0000000      0.54700000000E-02
  400.80000000      0.27837000000E-01
  113.70000000      0.10480000000
  37.030000000      0.28306200000
  13.270000000      0.44871900000
  5.0250000000      0.27095200000
  1.0130000000      0.15458000000E-01
   8  s
  11720.000000     -0.16000000000E-03
  1759.0000000     -0.12630000000E-02
  400.80000000     -0.62670000000E-02
  113.70000000     -0.25716000000E-01
  37.030000000     -0.70924000000E-01
  13.270000000     -0.16541100000
  5.0250000000     -0.11695500000
  1.0130000000      0.55736800000
   1  s
 0.30230000000       1.0000000000
   3  p
  17.700000000      0.43018000000E-01
  3.8540000000      0.22891300000
  1.0460000000      0.50872800000
   1  p
 0.27530000000       1.0000000000
   1  d
  1.1850000000       1.0000000000
*
$end
