$coord
   -2.67715576869214      0.43559790819974     -0.00000002331330  c
    2.67715576869369     -0.43559790819976     -0.00000000392647  c
   -0.93230299867038      2.48021193607942      0.00000001892089  c
    0.93230299867222     -2.48021193607821      0.00000001859418  c
    1.68338990872116      2.05899148352698     -0.00000000872869  c
   -1.68338990871952     -2.05899148352078     -0.00000000401695  c
   -1.65922925330878      4.42490663827070     -0.00000000066487  h
    1.65922925330296     -4.42490663826817      0.00000000150665  h
    2.97627147797491      3.68047959240785     -0.00000000102346  h
   -2.97627147797315     -3.68047959240686      0.00000000079855  h
    5.45284370748846     -0.98617570870262     -0.00000001726890  c
   -5.45284370748595      0.98617570869785      0.00000000977647  c
    5.93060361744831     -3.01006036970797      0.00000000005639  h
   -5.93060361744929      3.01006036970400     -0.00000000020873  h
    7.33239064224805      0.72299747839089      0.00000001273632  c
   -7.33239064224703     -0.72299747839064     -0.00000000366267  c
    6.98622668950557      2.76544751923946     -0.00000000062220  h
   -6.98622668950989     -2.76544751924188      0.00000000081716  h
    9.31866410098394      0.13519537461612     -0.00000000021355  h
   -9.31866410098310     -0.13519537461605      0.00000000044327  h
$user-defined bonds
$end
