$hessapprox
  0.559180654380D+00  0.555531057784D-02  0.512185229667D+00  0.141152453535D-05
 -0.909233448001D-06  0.467532043429D+00 -0.109180654145D+00 -0.555531067223D-02
 -0.141151254552D-05  0.559180653910D+00 -0.555531055171D-02 -0.621852295281D-01
  0.909223672295D-06  0.555531064597D-02  0.512185229390D+00  0.293176349183D-06
 -0.174700087946D-06 -0.175320433980D-01 -0.293188340268D-06  0.174709858556D-06
  0.467532043405D+00 -0.291489211830D-01 -0.103915013669D+00 -0.134114200952D-06
 -0.208510785456D-01  0.103915013757D+00 -0.337805878975D-07  0.562892190731D+00
 -0.100481064850D+00 -0.612125255022D-01 -0.172747785683D-05  0.100481064686D+00
  0.112125255061D-01 -0.349228282779D-06  0.400071961431D-01  0.552367662690D+00
 -0.118058805244D-05  0.749652952075D-06 -0.322789489678D-01  0.118059326593D-05
 -0.749702205985D-06 -0.177210510576D-01  0.116983798221D-06  0.143906410804D-05
  0.448899239490D+00 -0.208510790436D-01  0.103915013945D+00  0.134096620999D-06
 -0.291489212275D-01 -0.103915014032D+00  0.337981538655D-07 -0.112892190694D+00
 -0.400071958990D-01 -0.116991425929D-06  0.562892190655D+00  0.100481064456D+00
  0.112125256300D-01  0.172749216898D-05 -0.100481064292D+00 -0.612125256337D-01
  0.349213964306D-06 -0.400071962414D-01 -0.102367662298D+00 -0.143899193284D-05
  0.400071959973D-01  0.552367661905D+00 -0.111519503908D-05  0.726115224885D-06
 -0.177210510722D-01  0.111518982722D-05 -0.726065964168D-06 -0.322789489515D-01
  0.104593330418D-06  0.136646924711D-05  0.110076054411D-02 -0.104585683939D-06
 -0.136654141379D-05  0.448899239488D+00  0.104834764270D-01  0.529454613898D-01
  0.203269658504D-06 -0.604834767189D-01 -0.529454615043D-01  0.579311864989D-07
 -0.146067528627D+00 -0.514486866816D-01 -0.181103065737D-06  0.960675284559D-01
  0.514486867271D-01 -0.158970993336D-06  0.560766641212D+00 -0.325115531655D-01
  0.862699613427D-01 -0.517033305520D-06  0.325115529080D-01 -0.136269961345D+00
 -0.109807829157D-06 -0.806737228960D-01 -0.188823303855D-01  0.432676775097D-06
  0.806737231119D-01 -0.311176693807D-01  0.411107956295D-06  0.103441413909D+00
  0.564909836651D+00  0.548236240377D-06 -0.346179266433D-06 -0.249899330322D-01
 -0.548242745185D-06  0.346139454247D-06 -0.250100669562D-01 -0.542696196629D-07
 -0.667599513209D-06 -0.440340220135D-01  0.542791452961D-07  0.667657840410D-06
 -0.596597800211D-02  0.838774960873D-07 -0.200418136719D-06  0.455918213400D+00
 -0.604834765364D-01 -0.529454615119D-01 -0.203263466857D-06  0.104834768285D-01
  0.529454616265D-01 -0.579373671508D-07  0.960675283485D-01  0.514486867384D-01
  0.181105745923D-06 -0.146067528177D+00 -0.514486867838D-01  0.158968298437D-06
 -0.110766640834D+00 -0.103441413815D+00 -0.838808464708D-07  0.560766640456D+00
  0.325115529856D-01 -0.136269961263D+00  0.517028278571D-06 -0.325115527278D-01
  0.862699612638D-01  0.109812870335D-06  0.806737225764D-01 -0.311176694161D-01
 -0.432702183421D-06 -0.806737227924D-01 -0.188823308175D-01 -0.411082567093D-06
 -0.103441413367D+00 -0.114909836558D+00  0.200397613806D-06  0.103441413272D+00
  0.564909836467D+00  0.216757995162D-06 -0.152999596963D-06 -0.250100669547D-01
 -0.216751490886D-06  0.153039406891D-06 -0.249899330409D-01 -0.173212284000D-07
 -0.269853438122D-06 -0.596597799770D-02  0.173116965206D-07  0.269795108081D-06
 -0.440340220083D-01  0.242021877586D-07 -0.814912731716D-07 -0.591821339441D-02
 -0.241988324889D-07  0.815118024616D-07  0.455918213397D+00 -0.364623633321D-01
  0.201341886868D-01  0.145815334642D-06 -0.135376367260D-01 -0.201341887147D-01
  0.171216597098D-07 -0.415992391202D-01  0.348883303345D-01 -0.113620574689D-06
 -0.840076083957D-02 -0.348883302882D-01 -0.117393121472D-06 -0.240928387740D-01
  0.113091423154D-01  0.521262400353D-07 -0.259071612053D-01 -0.113091424104D-01
  0.288169309915D-07  0.434164252019D+00  0.314934387240D-01 -0.267073612678D-01
  0.607050668531D-06 -0.314934386187D-01 -0.232926387342D-01  0.131002782786D-06
  0.745828955178D-02 -0.873156489753D-01 -0.510669436349D-06 -0.745828968988D-02
  0.373156488031D-01 -0.479377282145D-06  0.206317960788D-01 -0.463052783737D-01
  0.237241858560D-06 -0.206317960940D-01 -0.369472164786D-02  0.916974804359D-07
  0.533895006906D-02  0.468132344719D+00  0.346050573290D-07 -0.218456134193D-07
 -0.379769668477D-01 -0.345957763004D-07  0.217577074661D-07 -0.120230331518D-01
 -0.359740014558D-08 -0.432558375269D-07 -0.715608910082D-01  0.358380158042D-08
  0.433846341009D-07  0.215608910073D-01  0.526939284850D-08 -0.119085720087D-07
 -0.589623287007D-01 -0.526460708786D-08  0.118632456001D-07  0.896232870082D-02
  0.440127041430D-08  0.142701387529D-07  0.391940423799D+00 -0.135376369018D-01
 -0.201341886789D-01 -0.145815885442D-06 -0.364623630398D-01  0.201341887065D-01
 -0.171211136747D-07 -0.840076087362D-02 -0.348883301454D-01  0.113620340282D-06
 -0.415992391665D-01  0.348883300991D-01  0.117393362312D-06 -0.259071612593D-01
 -0.113091422200D-01 -0.521259449476D-07 -0.240928387613D-01  0.113091423152D-01
 -0.288172282283D-07  0.158357480548D-01 -0.533895020041D-02 -0.440169376262D-08
  0.434164251871D+00 -0.314934386795D-01 -0.232926385987D-01 -0.607050219451D-06
  0.314934385743D-01 -0.267073613990D-01 -0.131003227896D-06 -0.745828952050D-02
  0.373156489919D-01  0.510671680090D-06  0.745828965848D-02 -0.873156488195D-01
  0.479375033005D-06 -0.206317959830D-01 -0.369472171866D-02 -0.237240041767D-06
  0.206317959981D-01 -0.463052782598D-01 -0.916992954093D-07 -0.533895017819D-02
 -0.181323446890D-01 -0.142661299421D-07  0.533895030962D-02  0.468132344659D+00
 -0.808262583855D-07  0.518553423277D-07 -0.120230331533D-01  0.808169774011D-07
 -0.517674362284D-07 -0.379769668485D-01  0.914757637427D-08  0.100887182177D-06
  0.215608910089D-01 -0.913397741707D-08 -0.101015978583D-06 -0.715608910067D-01
 -0.132932682494D-07  0.279657259515D-07  0.896232870028D-02  0.132884821707D-07
 -0.279203999570D-07 -0.589623287011D-01 -0.100030719139D-07 -0.337627829291D-07
  0.580595762009D-01  0.100034953928D-07  0.337587740056D-07  0.391940423799D+00
 -0.345996613798D-01 -0.498667584973D-01 -0.244243419823D-06 -0.154003384958D-01
  0.498667585423D-01 -0.407974115049D-07  0.170331161905D-01 -0.281684649717D-01
  0.198397246504D-06 -0.670331161915D-01  0.281684649311D-01  0.194563733702D-06
 -0.588023756440D-01 -0.346245655248D-01 -0.914648609552D-07  0.880237554759D-02
  0.346245655000D-01 -0.420588229954D-07 -0.799782669277D-02 -0.315146645848D-01
 -0.710425016526D-08 -0.420021733709D-01  0.315146646600D-01  0.163971231911D-07
  0.434737584370D+00  0.120794554592D-02 -0.396575047162D-01  0.169079572971D-06
 -0.120794542207D-02 -0.103424952377D-01  0.192296415215D-07  0.387098853832D-01
  0.230014895516D-01 -0.130925571543D-06 -0.387098853145D-01 -0.730014896000D-01
 -0.135766425168D-06 -0.440440889308D-01 -0.632451928977D-01  0.604150921976D-07
  0.440440887511D-01  0.132451925823D-01  0.331553605969D-07 -0.200537529288D-01
 -0.993489864931D-03  0.486256328751D-08  0.200537529771D-01 -0.490065102141D-01
 -0.105175875737D-07  0.598533167771D-01  0.454850282694D+00  0.658590527738D-07
 -0.452702754667D-07 -0.250625153061D-01 -0.658705301033D-07  0.451990803262D-07
 -0.249374846926D-01 -0.516214811819D-08 -0.798616970903D-07 -0.590593881417D-01
  0.517896373006D-08  0.799660095345D-07  0.905938813981D-02  0.777195688002D-08
 -0.256276374510D-07 -0.590660596112D-01 -0.777787444154D-08  0.255909279067D-07
  0.906605961162D-02  0.663860048319D-08  0.289229075591D-07 -0.857719486903D-01
 -0.663807725192D-08 -0.289196606165D-07  0.357719486901D-01 -0.104804074853D-07
  0.808870537419D-08  0.414181957925D+00 -0.154003385740D-01  0.498667584664D-01
  0.244243462765D-06 -0.345996615502D-01 -0.498667585114D-01  0.407973656144D-07
 -0.670331160533D-01  0.281684649762D-01 -0.198397224778D-06  0.170331160545D-01
 -0.281684649356D-01 -0.194563751491D-06  0.880237545876D-02  0.346245654367D-01
  0.914648354491D-07 -0.588023753622D-01 -0.346245654118D-01  0.420588471964D-07
 -0.420021733338D-01  0.315146646174D-01  0.710428517950D-08 -0.799782660271D-02
 -0.315146646925D-01 -0.163971581194D-07  0.152624157064D-01 -0.598533167158D-01
  0.104803639990D-07  0.434737584217D+00 -0.120794552043D-02 -0.103424952899D-01
 -0.169079612725D-06  0.120794539665D-02 -0.396575047563D-01 -0.192296051567D-07
 -0.387098853424D-01 -0.730014895667D-01  0.130925387693D-06  0.387098852736D-01
  0.230014896151D-01  0.135766613573D-06  0.440440888200D-01  0.132451929087D-01
 -0.604152437000D-07 -0.440440886402D-01 -0.632451925935D-01 -0.331552106139D-07
  0.200537529419D-01 -0.490065101217D-01 -0.486289543387D-08 -0.200537529902D-01
 -0.993489799378D-03  0.105179198174D-07 -0.598533167599D-01 -0.485028264815D-02
 -0.808897451388D-08  0.598533166986D-01  0.454850282604D+00 -0.469784513623D-07
  0.359822922505D-07 -0.249374846936D-01  0.469899286604D-07 -0.359110971823D-07
 -0.250625153075D-01  0.172947243917D-08  0.575311380089D-07  0.905938814139D-02
 -0.174628822673D-08 -0.576354505203D-07 -0.590593881401D-01 -0.188516524363D-08
  0.192757441666D-07  0.906605961121D-02  0.189108295881D-08 -0.192390344372D-07
 -0.590660596117D-01 -0.618621652485D-08 -0.204240907911D-07  0.357719486901D-01
  0.618569324284D-08  0.204208438858D-07 -0.857719486902D-01  0.787938943194D-08
 -0.808773362838D-08  0.358180420748D-01 -0.787934598863D-08  0.808800272502D-08
  0.414181957925D+00  0.373685951542D-01  0.419009140582D-02 -0.335776860323D-07
 -0.873685944415D-01 -0.419009085165D-02 -0.298610519034D-07 -0.849888004326D-02
 -0.490201952414D-01  0.412704574063D-07 -0.415011193019D-01  0.490201948842D-01
  0.360494470164D-07 -0.512114117671D-01 -0.201267820841D-01 -0.154168763801D-07
  0.121141053360D-02  0.201267806728D-01 -0.912385068053D-08 -0.328806006591D-01
  0.311758219060D-01  0.947544222247D-09 -0.171193994841D-01 -0.311758218991D-01
  0.242271116322D-08 -0.477039952347D-02  0.411641608871D-02 -0.410388818203D-08
 -0.452296001002D-01 -0.411641581002D-02  0.750074539209D-09  0.607829072804D+00
 -0.363470205379D-01  0.430434231350D-01 -0.209975938834D-05  0.363470210904D-01
 -0.930434224110D-01 -0.460665748766D-06 -0.702522591525D-02  0.160351605683D-02
  0.176912819666D-05  0.702522718343D-02 -0.516035159548D-01  0.167486778618D-05
  0.201637681928D-02  0.292511948478D-01 -0.815783050738D-06 -0.201637829561D-02
 -0.792511964289D-01 -0.332920843763D-06  0.368246937182D-01 -0.462942337880D-01
 -0.492466514285D-07 -0.368246936313D-01 -0.370576626419D-02  0.121041669816D-06
 -0.619527145373D-02 -0.243686174118D-01 -0.102150942803D-06  0.619527186511D-02
 -0.256313822370D-01  0.713647471260D-07  0.103518521102D+00  0.668500102157D+00
  0.981324158220D-06 -0.651752808931D-06 -0.958904813018D-02 -0.981348633934D-06
  0.651774678903D-06 -0.404109518496D-01 -0.873164446632D-07 -0.121215383932D-05
 -0.917969368185D-02  0.873522970685D-07  0.121212178872D-05 -0.408203063453D-01
  0.126287122867D-06 -0.358765863065D-06 -0.242198510779D-01 -0.126299736916D-06
  0.358777149164D-06 -0.257801489132D-01  0.116046949362D-06  0.416961204433D-06
  0.320575793841D-02 -0.116045835972D-06 -0.416962199403D-06 -0.532057579389D-01
 -0.181331975857D-06  0.134302161023D-06 -0.234410976171D-01  0.181331881782D-06
 -0.134302080344D-06 -0.265589023826D-01 -0.112831815386D-07 -0.145195546314D-05
  0.443164074773D+00 -0.873685949317D-01 -0.419009121728D-02  0.335821525415D-07
  0.373685942190D-01  0.419009066309D-02  0.298565885235D-07 -0.415011201150D-01
  0.490201950062D-01 -0.412685190716D-07 -0.849888053973D-02 -0.490201946490D-01
 -0.360513895813D-07  0.121141196490D-02  0.201267821614D-01  0.154144559891D-07
 -0.512114107314D-01 -0.201267807498D-01  0.912627248358D-08 -0.171193993909D-01
 -0.311758218070D-01 -0.944089066927D-09 -0.328806004659D-01  0.311758218000D-01
 -0.242616640439D-08 -0.452296004940D-01 -0.411641618191D-02  0.409961558211D-08
 -0.477039988218D-02  0.411641590349D-02 -0.745801906991D-09 -0.157829072583D+00
 -0.103518520979D+00  0.112740719201D-07  0.607829072362D+00  0.363470209645D-01
 -0.930434231817D-01  0.209975574945D-05 -0.363470215171D-01  0.430434224576D-01
  0.460669386512D-06  0.702522602325D-02 -0.516035165237D-01 -0.176914653362D-05
 -0.702522729162D-02  0.160351642180D-02 -0.167484944769D-05 -0.201637698380D-02
 -0.792511949756D-01  0.815768229933D-06  0.201637846048D-02  0.292511965565D-01
  0.332935664051D-06 -0.368246937025D-01 -0.370576605698D-02  0.492139266679D-07
  0.368246936154D-01 -0.462942338910D-01 -0.121008945010D-06  0.619527145133D-02
 -0.256313824490D-01  0.102124438672D-06 -0.619527186269D-02 -0.243686179023D-01
 -0.713382430202D-07 -0.103518520180D+00 -0.218500101501D+00  0.145196360489D-05
  0.103518520057D+00  0.668500100845D+00 -0.567974560075D-06  0.373577016318D-06
 -0.404109518630D-01  0.567999035570D-06 -0.373598887440D-06 -0.958904814889D-02
  0.515615006513D-07  0.699263175426D-06 -0.408203063240D-01 -0.515973563386D-07
 -0.699231126362D-06 -0.917969366022D-02 -0.760047192377D-07  0.208056389074D-06
 -0.257801489196D-01  0.760173357952D-07 -0.208067671831D-06 -0.242198510858D-01
 -0.641442255596D-07 -0.242426623004D-06 -0.532057579382D-01  0.641431109966D-07
  0.242427618990D-06  0.320575793849D-02  0.102508370413D-06 -0.743473291851D-07
 -0.265589023825D-01 -0.102508277001D-06  0.743472477078D-07 -0.234410976177D-01
  0.947244755766D-08  0.842766400034D-06  0.683592523175D-02 -0.946333715742D-08
 -0.842774542024D-06  0.443164074766D+00 -0.387100031531D-01  0.975852555583D-02
 -0.235717240519D-06 -0.112899968390D-01 -0.975852553480D-02 -0.455335985926D-07
 -0.930450700639D-02 -0.717896187760D-02  0.194946119482D-06 -0.406954929405D-01
  0.717896191244D-02  0.187421296929D-06 -0.124986667627D-01 -0.669550587438D-02
 -0.901100649323D-07 -0.375013332690D-01  0.669550586573D-02 -0.383911237008D-07
 -0.945400453658D-04 -0.172192570382D-01 -0.616428893428D-08 -0.499054599616D-01
  0.172192570442D-01  0.143463224384D-07 -0.405554416864D-01  0.131669493885D-01
 -0.107737533880D-07 -0.944455829140D-02 -0.131669493730D-01  0.790949598327D-08
 -0.221709947086D-01 -0.856023562485D-02 -0.168411522823D-06 -0.278290052921D-01
  0.856023559709D-02  0.965567353789D-07  0.454744190589D+00  0.223659145948D-01
 -0.367892102548D-01  0.575552581484D-06 -0.223659146766D-01 -0.132107899036D-01
  0.131890740328D-06  0.203173883420D-01 -0.567430534939D-01 -0.488546796479D-06
 -0.203173886881D-01  0.674305341316D-02 -0.457490968283D-06  0.139423601674D-01
 -0.536984103653D-01  0.225801040204D-06 -0.139423598339D-01  0.369841076833D-02
  0.878599655727D-07  0.292311144993D-01 -0.182937078755D-01  0.130576077278D-07
 -0.292311145805D-01 -0.317062920630D-01 -0.321646016582D-07  0.133433608301D-02
 -0.235708645355D-01  0.280746878966D-07 -0.133433615881D-02 -0.264291355471D-01
 -0.190531648871D-07 -0.181081121939D-01 -0.113202140618D+00  0.391032776264D-06
  0.181081122083D-01  0.632021404945D-01 -0.228398445279D-06 -0.256354416268D-01
  0.458729899221D+00 -0.475583328839D-08  0.136624704667D-08 -0.434620853198D-02
  0.472835337164D-08 -0.130429719089D-08 -0.456537914681D-01  0.918202690382D-09
  0.548712977483D-08  0.118140820565D-01 -0.877939885086D-09 -0.557789710928D-08
 -0.618140820562D-01 -0.170201741399D-08  0.137314753941D-08 -0.831166507103D-02
  0.168784797824D-08 -0.134120444377D-08 -0.416883349289D-01  0.730892999690D-10
 -0.202962063999D-08  0.406572383642D-01 -0.718360776889D-10  0.202679533299D-08
 -0.906572383642D-01  0.594921797801D-09  0.112201271747D-09  0.501585276238D-02
 -0.595025628941D-09 -0.111967131929D-09 -0.550158527624D-01 -0.638523542980D-09
  0.557573256142D-08 -0.683231346732D-01  0.628293415641D-09 -0.555266984494D-08
  0.183231346733D-01  0.668201891780D-09 -0.179167567431D-08  0.403234729207D+00
 -0.112899969385D-01 -0.975852558735D-02  0.235717305569D-06 -0.387100030693D-01
  0.975852556629D-02  0.455335322934D-07 -0.406954929414D-01  0.717896197682D-02
 -0.194946089883D-06 -0.930450711133D-02 -0.717896201165D-02 -0.187421324847D-06
 -0.375013332908D-01  0.669550585518D-02  0.901100286784D-07 -0.124986666774D-01
 -0.669550584640D-02  0.383911593963D-07 -0.499054599461D-01  0.172192569965D-01
  0.616434006403D-08 -0.945400471146D-04 -0.172192570022D-01 -0.143463735343D-07
 -0.944455830466D-02 -0.131669493653D-01  0.107736900804D-07 -0.405554417174D-01
  0.131669493497D-01 -0.790943268981D-08 -0.278290053582D-01  0.856023561838D-02
  0.168411387196D-06 -0.221709946410D-01 -0.856023559076D-02 -0.965566000538D-07
 -0.474419058821D-02  0.256354416149D-01 -0.668353352187D-09  0.454744190586D+00
 -0.223659145318D-01 -0.132107898606D-01 -0.575552634721D-06  0.223659146137D-01
 -0.367892099807D-01 -0.131890686323D-06 -0.203173883895D-01  0.674305336701D-02
  0.488546524498D-06  0.203173887354D-01 -0.567430532862D-01  0.457491239279D-06
 -0.139423601587D-01  0.369841038769D-02 -0.225801259393D-06  0.139423598253D-01
 -0.536984107908D-01 -0.878597460716D-07 -0.292311144320D-01 -0.317062921080D-01
 -0.130580922830D-07  0.292311145131D-01 -0.182937079536D-01  0.321650861938D-07
 -0.133433615327D-02 -0.264291354254D-01 -0.280750802944D-07  0.133433622906D-02
 -0.235708644921D-01  0.190535573016D-07  0.181081121139D-01  0.632021404176D-01
 -0.391032655340D-06 -0.181081121282D-01 -0.113202140293D+00  0.228398324483D-06
  0.256354416008D-01 -0.872989919688D-02  0.179201710632D-08 -0.256354415891D-01
  0.458729899173D+00  0.131067437737D-07 -0.778954788448D-08 -0.456537914678D-01
 -0.130792638643D-07  0.772759800218D-08 -0.434620853178D-02 -0.148668005732D-08
 -0.158888289947D-07 -0.618140820566D-01  0.144641718001D-08  0.159795962985D-07
  0.118140820562D-01  0.234940327047D-08 -0.462845673337D-08 -0.416883349288D-01
 -0.233523377654D-08  0.459651371513D-08 -0.831166507104D-02  0.114671309649D-08
  0.561407209200D-08 -0.906572383641D-01 -0.114796634265D-08 -0.561124676288D-08
  0.406572383641D-01 -0.220850746165D-08  0.128692486188D-08 -0.550158527624D-01
  0.220861127729D-08 -0.128715902002D-08  0.501585276236D-02 -0.876397193062D-10
 -0.190170408808D-07  0.183231346734D-01  0.978698614035D-10  0.189939781543D-07
 -0.683231346733D-01 -0.214688145955D-08  0.529488728316D-08  0.467652707921D-01
  0.214703291421D-08 -0.529522871282D-08  0.403234729207D+00 -0.380160326345D-01
 -0.144004901512D-01  0.960550901424D-06 -0.119839680393D-01  0.144004895209D-01
  0.224031460046D-06 -0.462051250446D-01  0.104234756848D-01 -0.817283450835D-06
 -0.379487587664D-02 -0.104234755226D-01 -0.770738202893D-06  0.795087453888D-02
  0.172659092798D-02  0.374940895643D-06 -0.579508731771D-01 -0.172658940847D-02
  0.153485813593D-06 -0.291713776189D-01 -0.250125906644D-02  0.216753547219D-07
 -0.208286223415D-01  0.250125908969D-02 -0.559140404506D-07 -0.318038693845D-01
 -0.161736326013D-01  0.477179757927D-07 -0.181961310250D-01  0.161736322853D-01
 -0.317534315588D-07 -0.147814970515D+00 -0.146853144721D+00  0.656492461374D-06
  0.978149703709D-01  0.146853143915D+00 -0.382858336101D-06 -0.262905418395D-01
  0.385397204747D-01 -0.227139333124D-08 -0.237094581297D-01 -0.385397203382D-01
  0.861994979122D-08  0.610721882267D+00 -0.325991948788D-01 -0.558063052216D-01
  0.341725988867D-06  0.325991942356D-01  0.580630464805D-02  0.983844978720D-07
  0.125038720648D-01  0.166266447297D-01 -0.301479351410D-06 -0.125038728623D-01
 -0.666266444853D-01 -0.280381535101D-06  0.609410073229D-02 -0.374333083047D-01
  0.135989166044D-06 -0.609409947131D-02 -0.125666902172D-01  0.558321418111D-07
  0.324419571247D-01 -0.257570049995D-01  0.639259270028D-08 -0.324419570366D-01
 -0.242429949349D-01 -0.197408500615D-07  0.186857955424D-01 -0.432326936504D-01
  0.187673809192D-07 -0.186857959154D-01 -0.676730665935D-02 -0.108567342918D-07
 -0.135115933545D+00 -0.193041239811D+00  0.221903652761D-06  0.135115933333D+00
  0.143041238925D+00 -0.132186570522D-06 -0.160226343550D-01 -0.302150165000D-01
 -0.518208322166D-09  0.160226344191D-01 -0.197849834311D-01  0.302222530692D-08
  0.133566698212D+00  0.563649953153D+00 -0.751939752222D-06  0.494927077364D-06
 -0.839458101288D-02  0.751907753495D-06 -0.494938058222D-06 -0.416054190029D-01
  0.667648561556D-07  0.923258720981D-06 -0.244697622515D-01 -0.667179659019D-07
 -0.923242626145D-06 -0.255302377275D-01 -0.990535943945D-07  0.277421631782D-06
 -0.407085184750D-01  0.990370900696D-07 -0.277427301013D-06 -0.929148153205D-02
 -0.829003308719D-07 -0.322123942767D-06 -0.240779911599D-01  0.829017922705D-07
  0.322124441868D-06 -0.259220088396D-01  0.132872264763D-06 -0.972366093446D-07
 -0.528650846784D-01 -0.132872384425D-06  0.972365692891D-07  0.286508467831D-02
  0.128577553742D-07  0.111606497599D-05 -0.586088012244D-01 -0.128696692350D-07
 -0.111606906437D-05  0.860880122064D-02  0.126846624863D-06 -0.303616212937D-06
 -0.571834586689D-01 -0.126846800690D-06  0.303616152143D-06  0.718345866893D-02
 -0.506829350570D-06 -0.175906114180D-06  0.425182033959D+00 -0.119839673513D-01
  0.144004900675D-01 -0.960555204060D-06 -0.380160319749D-01 -0.144004894373D-01
 -0.224027146575D-06 -0.379487513235D-02 -0.104234757247D-01  0.817281569063D-06
 -0.462051239462D-01  0.104234755622D-01  0.770740070129D-06 -0.579508742351D-01
 -0.172659093737D-02 -0.374938553446D-06  0.795087287361D-02  0.172658941789D-02
 -0.153488150953D-06 -0.208286224052D-01  0.250125909910D-02 -0.216786916602D-07
 -0.291713776343D-01 -0.250125912246D-02  0.559173770790D-07 -0.181961306607D-01
  0.161736324563D-01 -0.477138485259D-07 -0.318038689298D-01 -0.161736321405D-01
  0.317493044336D-07  0.978149696615D-01  0.146853143564D+00 -0.656483654935D-06
 -0.147814969517D+00 -0.146853142757D+00  0.382849532186D-06 -0.237094581925D-01
 -0.385397201873D-01  0.228127413252D-08 -0.262905418381D-01  0.385397200508D-01
 -0.862983053556D-08 -0.160721881264D+00 -0.133566697290D+00  0.506840851726D-06
  0.610721880260D+00  0.325991945974D-01  0.580630499210D-02 -0.341722477281D-06
 -0.325991939544D-01 -0.558063044186D-01 -0.983880115926D-07 -0.125038718757D-01
 -0.666266444176D-01  0.301497064135D-06  0.125038726732D-01  0.166266441733D-01
  0.280363825268D-06 -0.609410094145D-02 -0.125666918076D-01 -0.135974852222D-06
  0.609409968061D-02 -0.374333096709D-01 -0.558464565971D-07 -0.324419570776D-01
 -0.242429951280D-01 -0.636098478781D-08  0.324419569896D-01 -0.257570049379D-01
  0.197092422055D-07 -0.186857955126D-01 -0.676730625992D-02 -0.187417817888D-07
  0.186857958855D-01 -0.432326934308D-01  0.108311351420D-07  0.135115933151D+00
  0.143041239509D+00 -0.221911518863D-06 -0.135115932939D+00 -0.193041238623D+00
  0.132194436074D-06  0.160226343553D-01 -0.197849834813D-01  0.495933395009D-09
 -0.160226344193D-01 -0.302150165879D-01 -0.299995038848D-08 -0.133566697901D+00
 -0.113649952753D+00  0.175910064313D-06  0.133566696980D+00  0.563649952354D+00
  0.202362840371D-06 -0.138971444491D-06 -0.416054189965D-01 -0.202330841337D-06
  0.138982426899D-06 -0.839458099923D-02 -0.183192229566D-07 -0.251325595158D-06
 -0.255302377406D-01  0.182723370799D-07  0.251309502377D-06 -0.244697622650D-01
  0.256322153444D-07 -0.743695507180D-07 -0.929148152876D-02 -0.256157143727D-07
  0.743752155501D-07 -0.407085184696D-01  0.257123463267D-07  0.858147669587D-07
 -0.259220088403D-01 -0.257138061822D-07 -0.858152673579D-07 -0.240779911599D-01
 -0.389197425322D-07  0.288612259688D-07  0.286508467808D-02  0.389198630842D-07
 -0.288611848597D-07 -0.528650846780D-01 -0.867729950295D-08 -0.309196635519D-06
  0.860880121790D-02  0.868921233882D-08  0.309200724175D-06 -0.586088012169D-01
 -0.354387358706D-07  0.821731727690D-07  0.718345866902D-02  0.354389121018D-07
 -0.821731121868D-07 -0.571834586689D-01  0.143073248619D-06  0.521562573168D-07
  0.248179660458D-01 -0.143084753132D-06 -0.521602067283D-07  0.425182033953D+00
 -0.231223624438D-01  0.631158255523D-02  0.198235694997D-06 -0.268776375741D-01
 -0.631158256862D-02  0.304526340649D-07 -0.380411884882D-01  0.285583891946D-01
 -0.158984050276D-06 -0.119588114980D-01 -0.285583891920D-01 -0.158468452198D-06
 -0.346726510305D-01  0.637003460379D-02  0.732868387673D-07 -0.153273489750D-01
 -0.637003469725D-02  0.356408287860D-07 -0.592072088995D-01  0.160333504064D-01
  0.561724751860D-08  0.920720894877D-02 -0.160333504755D-01 -0.127878895189D-07
  0.138592264179D-02 -0.225653487171D-01  0.899628055132D-08 -0.513859226577D-01
  0.225653487235D-01 -0.754602082786D-08 -0.302547302146D-01  0.232863356581D-01
  0.149851085201D-06 -0.197452698193D-01 -0.232863356141D-01 -0.842591312150D-07
 -0.811683335112D-03  0.249546257294D-01 -0.253867944706D-09 -0.491883166588D-01
 -0.249546256779D-01  0.168772855932D-08 -0.292413260371D-01  0.173797423021D-01
 -0.109794642100D-06 -0.207586739851D-01 -0.173797422724D-01  0.322379273112D-07
  0.442857700370D+00  0.467415373607D-01 -0.142931732534D-01  0.551405400040D-06
 -0.467415371662D-01 -0.357068266538D-01  0.108079969266D-06  0.104299677680D-01
 -0.506470914641D-01 -0.457303717592D-06 -0.104299677513D-01  0.647091260882D-03
 -0.434776719085D-06  0.800287314581D-02 -0.473661814311D-01  0.212744777324D-06
 -0.800287337930D-02 -0.263381887032D-02  0.854819743592D-07  0.721925780285D-02
  0.128630516310D-01  0.140937031207D-07 -0.721925789112D-02 -0.628630516190D-01
 -0.320443812033D-07  0.369608006735D-01 -0.514187953043D-01  0.251290940215D-07
 -0.369608006071D-01  0.141879534983D-02 -0.184826212396D-07  0.337159253440D-01
 -0.482683010018D-01  0.388646940565D-06 -0.337159252432D-01 -0.173169869164D-02
 -0.223791298196D-06 -0.968350873127D-02 -0.428747366996D-01 -0.189433176619D-08
  0.968350869267D-02 -0.712526328094D-02  0.511893160489D-08 -0.201798411975D-01
 -0.959913188375D-01 -0.295538118096D-06  0.201798410693D-01  0.459913186931D-01
  0.794617102654D-07  0.143899123376D-02  0.454437914162D+00  0.395101427230D-07
 -0.260514313201D-07 -0.133512998508D-01 -0.395397076443D-07  0.260000449202D-07
 -0.366487001483D-01 -0.243851954731D-08 -0.477953092168D-07 -0.455124586403D-01
  0.248183687039D-08  0.478705987996D-07 -0.448754136072D-02  0.390623256290D-08
 -0.153212232197D-07 -0.569455310141D-01 -0.392147683769D-08  0.152947272622D-07
  0.694553101435D-02  0.386111809633D-08  0.171613129406D-07 -0.616171995975D-01
 -0.385976992313D-08 -0.171589693934D-07  0.116171995975D-01 -0.608612545494D-08
  0.524279052246D-08 -0.819060412255D-01  0.608601368681D-08 -0.524298476293D-08
  0.319060412255D-01  0.144163585361D-08 -0.559806734269D-07 -0.476982258996D-01
 -0.145264205625D-08  0.559615435367D-07 -0.230177410017D-02 -0.636056602986D-08
  0.155923347772D-07 -0.292448900818D-01  0.636040304154D-08 -0.155926180029D-07
 -0.207551099180D-01  0.241035289567D-07  0.719566118023D-08 -0.771495133405D-01
 -0.240928982194D-07 -0.717718455561D-08  0.271495133403D-01  0.537701787919D-08
  0.157265454655D-07  0.403401242995D+00 -0.268776374877D-01 -0.631158261445D-02
 -0.198235972144D-06 -0.231223624943D-01  0.631158262768D-02 -0.304523553918D-07
 -0.119588114621D-01 -0.285583892829D-01  0.158983928208D-06 -0.380411885514D-01
  0.285583892803D-01  0.158468572218D-06 -0.153273489880D-01 -0.637003468180D-02
 -0.732866872701D-07 -0.346726510064D-01  0.637003477538D-02 -0.356409796018D-07
  0.920720890362D-02 -0.160333503865D-01 -0.561746297155D-08 -0.592072089530D-01
  0.160333504555D-01  0.127881049312D-07 -0.513859226496D-01  0.225653487532D-01
 -0.899601400814D-08  0.138592266552D-02 -0.225653487596D-01  0.754575430219D-08
 -0.197452697423D-01 -0.232863357433D-01 -0.149850516056D-06 -0.302547302240D-01
  0.232863356994D-01  0.842585624319D-07 -0.491883166872D-01 -0.249546257072D-01
  0.254505981454D-09 -0.811683318847D-03  0.249546256557D-01 -0.168836658856D-08
 -0.207586739536D-01 -0.173797423078D-01  0.109795384370D-06 -0.292413260243D-01
  0.173797422782D-01 -0.322386700690D-07  0.714229964661D-02 -0.143899119071D-02
 -0.537633139815D-08  0.442857700336D+00 -0.467415371628D-01 -0.357068267981D-01
 -0.551405173370D-06  0.467415369683D-01 -0.142931732948D-01 -0.108080196295D-06
 -0.104299677952D-01  0.647091222299D-03  0.457304861576D-06  0.104299677785D-01
 -0.506470910190D-01  0.434775575603D-06 -0.800287318099D-02 -0.263381856223D-02
 -0.212743853127D-06  0.800287341454D-02 -0.473661811366D-01 -0.854828987358D-07
 -0.721925776601D-02 -0.628630515507D-01 -0.140916622302D-07  0.721925785424D-02
  0.128630515384D-01  0.320423403283D-07 -0.369608007094D-01  0.141879535316D-02
 -0.251274410041D-07  0.369608006428D-01 -0.514187953992D-01  0.184809682184D-07
 -0.337159250340D-01 -0.173169882097D-02 -0.388647448478D-06  0.337159249333D-01
 -0.482683014857D-01  0.223791806011D-06  0.968350871792D-02 -0.712526333635D-02
  0.189289327846D-08 -0.968350867933D-02 -0.428747366834D-01 -0.511749312144D-08
  0.201798409529D-01  0.459913185169D-01  0.295538373223D-06 -0.201798408248D-01
 -0.959913183725D-01 -0.794619652929D-07 -0.143899120038D-02 -0.443791404223D-02
 -0.157253523175D-07  0.143899115740D-02  0.454437913924D+00 -0.422666138565D-07
  0.308463349536D-07 -0.366487001494D-01  0.422961788212D-07 -0.307949485077D-07
 -0.133512998517D-01  0.461569657453D-08  0.533119028457D-07 -0.448754135956D-02
 -0.465901381496D-08 -0.533871924272D-07 -0.455124586391D-01 -0.611428633807D-08
  0.153585720766D-07  0.694553101399D-02  0.612953050852D-08 -0.153320762511D-07
 -0.569455310144D-01 -0.618512489236D-08 -0.178429533863D-07  0.116171995975D-01
  0.618377672906D-08  0.178406098202D-07 -0.616171995975D-01  0.910386143812D-08
 -0.618592733733D-08  0.319060412256D-01 -0.910374963947D-08  0.618612160572D-08
 -0.819060412253D-01  0.609729605352D-08  0.707319803836D-07 -0.230177410047D-02
 -0.608628985213D-08 -0.707128504360D-07 -0.476982258999D-01  0.781039676121D-08
 -0.182415865591D-07 -0.207551099180D-01 -0.781023377213D-08  0.182418697815D-07
 -0.292448900818D-01 -0.350023394851D-07 -0.152192593949D-07  0.271495133406D-01
  0.349917086631D-07  0.152007827586D-07 -0.771495133404D-01 -0.733839025743D-08
 -0.161065178211D-07  0.465987570049D-01  0.733770377421D-08  0.161053246943D-07
  0.403401242995D+00 -0.375732434947D-01  0.149010388756D-01 -0.266708583319D-06
 -0.124267563597D-01 -0.149010387322D-01 -0.669600004333D-07 -0.105825873764D-01
  0.155712153251D-01  0.230107809695D-06 -0.394174123616D-01 -0.155712153244D-01
  0.212670085734D-06 -0.313745124597D-01 -0.685263174709D-02 -0.105946113182D-06
 -0.186254878736D-01  0.685263131836D-02 -0.395557557800D-07 -0.314110679287D-01
 -0.686228170361D-02 -0.592912017531D-08 -0.185889320446D-01  0.686228163823D-02
  0.151949291269D-07 -0.196387598711D-01  0.311976378914D-02 -0.129096856380D-07
 -0.303612400268D-01 -0.311976369656D-02  0.779398793029D-08  0.151435763850D-02
  0.450943818802D-01 -0.176597183725D-06 -0.515143576473D-01 -0.450943816954D-01
  0.104144734891D-06 -0.241737712189D-01 -0.879757633487D-02  0.994589999275D-09
 -0.258262287786D-01  0.879757632573D-02 -0.253471492681D-08 -0.599706822960D-01
 -0.228287355178D-01  0.138276624864D-06  0.997068202402D-02  0.228287354897D-01
 -0.375237076707D-07 -0.276988845251D-01  0.139111816677D-02 -0.670403397594D-08
 -0.223011154845D-01 -0.139111809775D-02  0.880605969732D-08  0.480178216004D+00
  0.106147423622D-01 -0.641730883997D-02  0.150906106235D-06 -0.106147423844D-01
 -0.435826911880D-01  0.319558142710D-07  0.108024135050D-01 -0.220378213032D-01
 -0.126570033455D-06 -0.108024135637D-01 -0.279621787151D-01 -0.119840077345D-06
  0.172962324738D-01 -0.345701158186D-01  0.585221577431D-07 -0.172962324146D-01
 -0.154298841194D-01  0.236318332446D-07  0.269967720422D-01 -0.700839717729D-02
  0.371966032561D-08 -0.269967720506D-01 -0.429916028177D-01 -0.889001038156D-08
  0.291849714009D-01 -0.516236315614D-01  0.704644223281D-08 -0.291849714226D-01
  0.162363154490D-02 -0.488816206931D-08 -0.102107336967D-01 -0.704122435323D-01
  0.105014897102D-06  0.102107337072D-01  0.204122435247D-01 -0.607793507831D-07
 -0.182256769063D-01 -0.608704857471D-01 -0.476682265789D-09  0.182256769015D-01
  0.108704857600D-01  0.139354095853D-08  0.106946898428D-01 -0.727437707240D-01
 -0.802178625088D-07 -0.106946897922D-01  0.227437707163D-01  0.220531799789D-07
  0.150101435451D-01 -0.732234383963D-01  0.402960824920D-08 -0.150101435373D-01
  0.232234383982D-01 -0.488768619462D-08 -0.983896244267D-03  0.410969687126D+00
  0.870738330526D-08 -0.620728743426D-08 -0.232145990864D-02 -0.874839860398D-08
  0.620877046165D-08 -0.476785400913D-01 -0.616589987896D-09 -0.114207634949D-07
 -0.163918899193D-01  0.676684348431D-09  0.114185905149D-07 -0.336081100808D-01
  0.666746781481D-09 -0.293460593720D-08 -0.385539774561D-01 -0.687895381268D-09
  0.293537070067D-08 -0.114460225440D-01  0.172389280662D-08  0.337451546178D-08
 -0.967349797153D-02 -0.172202234793D-08 -0.337458308789D-08 -0.403265020286D-01
 -0.228341790968D-08  0.195217953494D-08 -0.489531849835D-01  0.228326291769D-08
 -0.195217393874D-08 -0.104681501653D-02  0.100553411840D-08 -0.116816410310D-07
 -0.712321746664D-01 -0.102080311226D-08  0.116821931801D-07  0.212321746664D-01
 -0.174268903998D-08  0.281533028041D-08 -0.758742793474D-01  0.174246296256D-08
 -0.281532210967D-08  0.258742793474D-01  0.468386828958D-08  0.632178727302D-09
 -0.865440594294D-01 -0.466912057343D-08 -0.632711992289D-09  0.365440594293D-01
  0.192656205686D-08  0.383431299008D-08 -0.830036121193D-01 -0.192560973254D-08
 -0.383434743832D-08  0.330036121192D-01 -0.105092697639D-08  0.931205060861D-09
  0.396545895904D+00 -0.124267564296D-01 -0.149010389260D-01  0.266708537874D-06
 -0.375732437160D-01  0.149010387825D-01  0.669600435927D-07 -0.394174125638D-01
 -0.155712153917D-01 -0.230107827073D-06 -0.105825876979D-01  0.155712153910D-01
 -0.212670065284D-06 -0.186254876657D-01  0.685263171746D-02  0.105946136109D-06
 -0.313745120008D-01 -0.685263128871D-02  0.395557318269D-07 -0.185889320597D-01
  0.686228174057D-02  0.592908639142D-08 -0.314110679668D-01 -0.686228167520D-02
 -0.151948952754D-07 -0.303612401068D-01 -0.311976373274D-02  0.129097272699D-07
 -0.196387599951D-01  0.311976364014D-02 -0.779402959205D-08 -0.515143573486D-01
 -0.450943815973D-01  0.176597271430D-06  0.151435735753D-02  0.450943814125D-01
 -0.104144823132D-06 -0.258262287718D-01  0.879757627424D-02 -0.994490093496D-09
 -0.241737712305D-01 -0.879757626511D-02  0.253461500819D-08  0.997068200065D-02
  0.228287352145D-01 -0.138276507539D-06 -0.599706817287D-01 -0.228287351863D-01
  0.375235910487D-07 -0.223011154655D-01 -0.139111809971D-02  0.670414141655D-08
 -0.276988845247D-01  0.139111803069D-02 -0.880616711259D-08 -0.301782159193D-01
  0.983896231806D-03  0.105107607848D-08  0.480178215833D+00 -0.106147422903D-01
 -0.435826911908D-01 -0.150906071177D-06  0.106147423124D-01 -0.641730878097D-02
 -0.319558498443D-07 -0.108024134701D-01 -0.279621787696D-01  0.126570212822D-06
  0.108024135287D-01 -0.220378212123D-01  0.119839898671D-06 -0.172962325317D-01
 -0.154298842136D-01 -0.585220131626D-07  0.172962324726D-01 -0.345701158483D-01
 -0.236319780573D-07 -0.269967720366D-01 -0.429916027948D-01 -0.371934068924D-08
  0.269967720450D-01 -0.700839721018D-02  0.888969076226D-08 -0.291849713940D-01
  0.162363159524D-02 -0.704618341419D-08  0.291849714158D-01 -0.516236315789D-01
  0.488790324259D-08  0.102107338677D-01  0.204122436585D-01 -0.105014976945D-06
 -0.102107338782D-01 -0.704122436509D-01  0.607794305092D-07  0.182256769044D-01
  0.108704857216D-01  0.476457082398D-09 -0.182256768997D-01 -0.608704857346D-01
 -0.139331577850D-08 -0.106946899983D-01  0.227437705571D-01  0.802179026256D-07
  0.106946899475D-01 -0.727437705498D-01 -0.220532199470D-07 -0.150101435368D-01
  0.232234384495D-01 -0.402942143805D-08  0.150101435289D-01 -0.732234384515D-01
  0.488749939555D-08  0.983896285107D-03  0.390303128707D-01 -0.931210448467D-09
 -0.983896272672D-03  0.410969687133D+00 -0.246459378611D-07  0.166783210688D-07
 -0.476785400917D-01  0.246869531758D-07 -0.166798040439D-07 -0.232145990881D-02
  0.210820886380D-08  0.305883573800D-07 -0.336081100804D-01 -0.216830308639D-08
 -0.305861843414D-07 -0.163918899190D-01 -0.303648945303D-08  0.907051171786D-08
 -0.114460225442D-01  0.305763794052D-08 -0.907127662450D-08 -0.385539774561D-01
 -0.305147934060D-08 -0.104549764999D-07 -0.403265020286D-01  0.304960892615D-08
  0.104550440888D-07 -0.967349797156D-02  0.466203090253D-08 -0.352123535183D-08
 -0.104681501658D-02 -0.466187588014D-08  0.352122978962D-08 -0.489531849834D-01
  0.455094177481D-09  0.368165910867D-07  0.212321746661D-01 -0.439825211495D-09
 -0.368171432200D-07 -0.712321746662D-01  0.428527156423D-08 -0.984167283119D-08
  0.258742793474D-01 -0.428504547542D-08  0.984166465196D-08 -0.758742793474D-01
 -0.167249130267D-07 -0.571312022229D-08  0.365440594295D-01  0.167101652020D-07
  0.571365350450D-08 -0.865440594294D-01 -0.387740135394D-08 -0.978565402379D-08
  0.330036121192D-01  0.387644901499D-08  0.978568847706D-08 -0.830036121192D-01
  0.443100386553D-08 -0.265458039835D-08  0.534541040963D-01 -0.443115294419D-08
  0.265458579176D-08  0.396545895904D+00
$end
