$excitation_energies_CCS_____3^a___  threxc=.10000E-02  nstates=   10
    1    0.21720739429484E+00
    2    0.21720739429485E+00
    3    0.28794814982888E+00
    4    0.32348948251444E+00
    5    0.32348948251444E+00
    6    0.35897419850270E+00
    7    0.41058352927116E+00
    8    0.46046379616880E+00
    9    0.46782485586540E+00
   10    0.46782485586540E+00
$excitation_energies_CC2_____3^a___  threxc=.10000E-05  nstates=   10
    1    0.24270242507880E+00
    2    0.24270242701978E+00
    3    0.31882985422677E+00
    4    0.35950896308391E+00
    5    0.35950899997058E+00
    6    0.38300497279353E+00
    7    0.39210370613690E+00
    8    0.42621290242026E+00
    9    0.43896412043336E+00
   10    0.43896570348979E+00
$t2_norm_of_re0_CC2_____3^a___  threxc=.10000E-05  nstates=   10
    1    0.29692958630403E-01
    2    0.29692965301667E-01
    3    0.26580639856173E-01
    4    0.45896513588889E-01
    5    0.45896532858983E-01
    6    0.58480804976449E-01
    7    0.49522602614972E-01
    8    0.59389932033137E-01
    9    0.59050888676413E-01
   10    0.59051015486150E-01
$end
