$jbas
*
cl def2-QZVPP
# cl    (14s5p5d2f1g) / [8s4p3d1f1g]     {71111111/2111/311/2/1}
*
   7  s
  8044.2766240      0.83066050000
  2924.5123954       1.6146203000
  1110.8168739       5.0051398000
  439.90507610       9.9863273000
  181.19872870       11.344397000
  77.414830200       2.6726629000
  34.197727300      -1.6043227000
   1  s
  15.564839700       5.7539291000
   1  s
  7.2707873000       6.0638907000
   1  s
  3.4711900000     -0.31993260000
   1  s
  1.6860808000     -0.39473200000
   1  s
 0.82931250000      0.93340360000
   1  s
 0.41101240000      0.48641750000
   1  s
 0.20421900000      0.78177800000E-01
   2  p
  12.256499300      0.56308600000E-01
  4.8922575000     -0.56300700000E-01
   1  p
  1.9265460000      0.46922200000E-01
   1  p
 0.75259890000     -0.71758000000E-02
   1  p
 0.29321890000     -0.16232500000E-01
   3  d
  28.437050400     -0.26540400000E-01
  7.2772298000      0.13484800000E-01
  2.3111621000     -0.13645200000E-01
   1  d
 0.85809430000     -0.13160800000E-01
   1  d
 0.33762270000     -0.45372000000E-02
   2  f
  1.2035685000       1.0000000000
 0.47000000000       1.0000000000
   1  g
 0.75211000000     -0.26699000000E-02
*
au def2-QZVPP
# au    (11s5p5d3f3g) / [8s5p5d2f3g]     {41111111/11111/11111/21/111}
*
   4  s
  28.245250500      0.44678510000
  16.577835400      -3.0662858000
  10.147624100       7.7959203000
  5.9691905000      -7.0482833000
   1  s
  3.6538607000      -3.2757558000
   1  s
  2.1445411000       4.1629636000
   1  s
  1.2614947000       2.2725427000
   1  s
 0.71469330000      0.98345600000
   1  s
 0.42040780000      0.37950780000
   1  s
 0.21995510000      0.15453220000
   1  s
 0.96208100000E-01  0.97466000000E-02
   1  p
  7.5722886000      0.18955100000E-01
   1  p
  2.6998544000     -0.60933500000E-01
   1  p
 0.96357290000      0.82321400000E-01
   1  p
 0.34410240000     -0.38023700000E-01
   1  p
 0.12290710000     -0.58157000000E-02
   1  d
  6.8027810000     -0.15979500000E-01
   1  d
  2.9625600000      0.46439800000E-01
   1  d
  1.3082794000     -0.26572400000E-01
   1  d
 0.58264810000     -0.16625000000E-01
   1  d
 0.26022160000     -0.55737000000E-02
   2  f
  1.9754530000     -0.12460000000E-01
 0.81575660000      0.10663000000E-01
   1  f
 0.34081280000      0.15514000000E-02
   1  g
  2.3463119000      0.98587000000E-02
   1  g
 0.89569400000      0.82940000000E-03
   1  g
 0.34421270000      0.27240000000E-03
*
n def2-QZVPP
# n     (12s5p4d2f1g) / [6s4p3d1f1g]     {711111/2111/211/2/1}
*
   7  s
  2542.9401785      0.90466800000E-01
  1029.5472946      0.14556750000
  424.90535460      0.45940900000
  178.45737080       1.1392859000
  76.136274200       2.1795891000
  32.933865300       2.7604305000
  14.415543600       1.2837451000
   1  s
  6.3718891000     -0.17026420000
   1  s
  2.8381742000      0.50447200000E-01
   1  s
  1.2711793000      0.66345880000
   1  s
 0.57124070000      0.41165590000
   1  s
 0.25698870000      0.48916700000E-01
   2  p
  17.897599000     -0.33065600000E-01
  6.5346319000      0.41582000000E-02
   1  p
  2.3523645000      0.52582400000E-01
   1  p
 0.83973770000      0.17058000000E-02
   1  p
 0.29893350000      0.12296000000E-01
   2  d
  7.6909870000      0.35820000000E-02
  2.3044972000      0.18040300000E-01
   1  d
 0.84039870000      0.19444100000E-01
   1  d
 0.33037970000      0.23610000000E-03
   2  f
  2.3331076000      0.67248000000E-02
 0.84461370000      0.54427000000E-02
   1  g
  1.4037700000     -0.23051000000E-02
*
$end
