$basis
*
cl def2-QZVPP
# cl    (20s14p4d2f1g) / [9s6p4d2f1g]     {*31111111/821111/1111/11/1}
*
  10  s
  1467459.0095      0.11478257194E-04
  219756.16433      0.89234299775E-04
  50010.770301      0.46911086186E-03
  14164.823918      0.19762446133E-02
  4620.7465525      0.71419937783E-02
  1667.8991635      0.22753219445E-01
  650.29199265      0.63959782953E-01
  269.38037376      0.15331059238
  117.06752106      0.28986952417
  52.811766843      0.36348071452
   3  s
  461.42769988      0.18019457578E-01
  142.12665355      0.16489442314
  54.437838768      0.63891587584
   1  s
  24.160770219       1.0000000000
   1  s
  9.7083540306       1.0000000000
   1  s
  4.5640696733       1.0000000000
   1  s
  2.1194744832       1.0000000000
   1  s
 0.75722365394       1.0000000000
   1  s
 0.33747224597       1.0000000000
   1  s
 0.13860775149       1.0000000000
   8  p
  2501.9457890      0.24242618410E-03
  592.88059285      0.21079961749E-02
  192.18089186      0.11432693869E-01
  72.875710488      0.44956698060E-01
  30.436358370      0.13197476145
  13.490178902      0.27493639225
  6.1478071413      0.38347236372
  2.8450944820      0.28871943885
   2  p
  105.39397936     -0.34311760144E-01
  6.7369738513      0.64060818902
   1  p
  1.2421095772       1.0000000000
   1  p
 0.55669714254       1.0000000000
   1  p
 0.23387801464       1.0000000000
   1  p
 0.93164490890E-01   1.0000000000
   1  d
  5.1910000000       1.0000000000
   1  d
  1.2760000000       1.0000000000
   1  d
 0.58300000000       1.0000000000
   1  d
 0.24300000000       1.0000000000
   1  f
 0.42300000000       1.0000000000
   1  f
  1.0890000000       1.0000000000
   1  g
 0.82700000000       1.0000000000
*
au def2-QZVPP
# au    (9s8p6d4f2g) / [7s5p4d4f2g]     {3111111/41111/3111/1111/11}
*
   3  s
  24.200000000       1.4645004443
  22.000000000      -3.9770190496
  20.000000000       2.7298033533
   1  s
  5.4043553001       1.0000000000
   1  s
  1.4532546773       1.0000000000
   1  s
 0.68294298420       1.0000000000
   1  s
 0.19002755303       1.0000000000
   1  s
 0.88155981740E-01   1.0000000000
   1  s
 0.37739555187E-01   1.0000000000
   4  p
  15.500000000      0.15001711880
  14.000000000     -0.23609813183
  6.4227368205      0.31458896948
  1.6595601681     -0.57279670446
   1  p
 0.79402913993       1.0000000000
   1  p
 0.35125155397       1.0000000000
   1  p
 0.81000000000E-01   1.0000000000
   1  p
 0.25000000000E-01   1.0000000000
   3  d
  8.6000000000      0.15361654684
  7.8531899379     -0.20443530663
  1.7650856798      0.30781811607
   1  d
 0.79482263260       1.0000000000
   1  d
 0.33085396360       1.0000000000
   1  d
 0.12398535801       1.0000000000
   1  f
  1.7607400000       1.0000000000
   1  f
 0.72482000000       1.0000000000
   1  f
 0.29838000000       1.0000000000
   1  f
 0.12283000000       1.0000000000
   1  g
  1.6991700000       1.0000000000
   1  g
 0.65941000000       1.0000000000
*
n def2-QZVPP
# n     (15s8p3d2f1g) / [7s4p3d2f1g]     {8211111/5111/111/11/1}
*
   8  s
  90726.889210      0.39257887368E-04
  13590.528801      0.30513316455E-03
  3092.9883781      0.16000560446E-02
  875.99876362      0.66982937306E-02
  285.74469982      0.23690078765E-01
  103.11913417      0.71455405268E-01
  40.128556777      0.17632774876
  16.528095704      0.32677592815
   2  s
  69.390960983      0.80052094386E-01
  20.428200596      0.78268063538
   1  s
  7.1292587972       1.0000000000
   1  s
  3.1324304893       1.0000000000
   1  s
 0.98755778723       1.0000000000
   1  s
 0.38765721307       1.0000000000
   1  s
 0.14909883075       1.0000000000
   5  p
  150.05742670     -0.86216165986E-03
  35.491599483     -0.68571273236E-02
  11.247864223     -0.31795688855E-01
  4.0900305195     -0.10537396822
  1.6220573146     -0.24519708041
   1  p
 0.66442261530       1.0000000000
   1  p
 0.27099770070       1.0000000000
   1  p
 0.10688749984       1.0000000000
   1  d
  2.8370000000       1.0000000000
   1  d
 0.96800000000       1.0000000000
   1  d
 0.33500000000       1.0000000000
   1  f
  2.0270000000       1.0000000000
   1  f
 0.68500000000       1.0000000000
   1  g
  1.4270000000       1.0000000000
*
$ecp
*
au def2-ecp
*
  ncore =    60           lmax =     3
#        coefficient   r^n          exponent
f
          30.4900889    2           4.7898200
           5.1710738    2           2.3949100
s-f
         426.8466792    2          13.2051000
          37.0070829    2           6.6025500
         -30.4900889    2           4.7898200
          -5.1710738    2           2.3949100
p-f
         261.1995804    2          10.4520200
          26.9624960    2           5.2260100
         -30.4900889    2           4.7898200
          -5.1710738    2           2.3949100
d-f
         124.7906656    2           7.8511000
          16.3007257    2           3.9255500
         -30.4900889    2           4.7898200
          -5.1710738    2           2.3949100
*
$end
