$dipgrad          cartesian dipole gradients
  -.46099724703143D+00  0.00000000000000D+00  -.31812863432977D-16
  0.00000000000000D+00  -.10369748859957D+00  -.54062332549620D-21
  -.51494309237141D-17  0.27080610369278D-21  -.49090052923798D-01
  0.27483834289601D+00  -.15127811825335D-21  -.29702170423046D-01
  0.14539210665647D-21  0.26587623037169D+00  -.25979422903014D-21
  -.12969150816090D+00  -.13540305184639D-21  0.20507906396911D+00
  0.64452746983340D+00  0.00000000000000D+00  0.25637091705596D+00
  0.00000000000000D+00  0.17596954959908D+00  0.00000000000000D+00
  0.44395510632878D+00  0.00000000000000D+00  0.37270850821624D+00
  -.18886718613247D+00  0.00000000000000D+00  -.11578548017753D+00
  0.00000000000000D+00  0.11000296741840D+00  0.00000000000000D+00
  -.23884303930527D+00  0.00000000000000D+00  -.53242542634738D-01
  0.27483834289604D+00  0.15127811825335D-21  0.29702170423047D-01
  -.14539210665647D-21  0.26587623037167D+00  -.25979422903014D-21
  0.12969150816090D+00  -.13540305184639D-21  0.20507906396909D+00
  0.64452746983339D+00  0.00000000000000D+00  -.25637091705596D+00
  0.00000000000000D+00  0.17596954959908D+00  0.00000000000000D+00
  -.44395510632878D+00  0.00000000000000D+00  0.37270850821624D+00
  -.18886718613246D+00  0.00000000000000D+00  0.11578548017753D+00
  0.00000000000000D+00  0.11000296741840D+00  0.00000000000000D+00
  0.23884303930527D+00  0.00000000000000D+00  -.53242542634736D-01
$dipgrad          cartesian dipole gradients
  -.46113948830871D+00  0.00000000000000D+00  0.12506568521152D-15
  0.00000000000000D+00  -.10371093996618D+00  -.54060723503759D-21
  -.34749738419344D-16  0.27079804374753D-21  -.49163225535886D-01
  0.27491384635414D+00  -.15127361579446D-21  -.29666092940659D-01
  0.14538777938171D-21  0.26594402760369D+00  -.25978649682901D-21
  -.12964959528829D+00  -.13539902187376D-21  0.20513300653987D+00
  0.64524481847201D+00  0.00000000000000D+00  0.25674548489358D+00
  0.00000000000000D+00  0.17612269238203D+00  0.00000000000000D+00
  0.44444225386282D+00  0.00000000000000D+00  0.37318477256836D+00
  -.18958892069053D+00  0.00000000000000D+00  -.11612900880151D+00
  0.00000000000000D+00  0.10978874998663D+00  0.00000000000000D+00
  -.23923237124807D+00  0.00000000000000D+00  -.53736166351714D-01
  0.27491384635414D+00  0.15127361579446D-21  0.29666092940659D-01
  -.14538777938171D-21  0.26594402760368D+00  -.25978649682901D-21
  0.12964959528829D+00  -.13539902187376D-21  0.20513300653987D+00
  0.64524481847201D+00  0.00000000000000D+00  -.25674548489358D+00
  0.00000000000000D+00  0.17612269238203D+00  0.00000000000000D+00
  -.44444225386281D+00  0.00000000000000D+00  0.37318477256836D+00
  -.18958892069053D+00  0.00000000000000D+00  0.11612900880151D+00
  0.00000000000000D+00  0.10978874998663D+00  0.00000000000000D+00
  0.23923237124806D+00  0.00000000000000D+00  -.53736166351713D-01
$end
