$energy      SCF               SCFKIN            SCFPOT
     1 -951.0399554956      768.4799030040     -1719.519858500
     2 -951.0660071538      768.9418775394     -1720.007884693
     3 -951.0742909112      769.4189808686     -1720.493271780
     4 -951.0767702268      769.2840992005     -1720.360869427
     5 -951.0784276340      769.2334360638     -1720.311863698
     6 -951.0791893806      769.2355864485     -1720.314775829
     7 -951.0799106887      769.2611729528     -1720.341083642
     8 -951.0802359173      769.2796529194     -1720.359888837
     9 -951.0806396075      769.2984722691     -1720.379111877
    10 -951.0815043528      769.2741726135     -1720.355676966
    11 -951.0818306032      769.2608924933     -1720.342723096
    12 -951.0819410384      769.2577314836     -1720.339672522
    13 -951.0820248463      769.2587112493     -1720.340736096
    14 -951.0820945834      769.2570528772     -1720.339147461
    15 -951.0821004975      769.2547865193     -1720.336887017
    16 -951.0821037758      769.2519229061     -1720.334026682
    17 -951.0821023671      769.2514369137     -1720.333539281
    18 -951.0821039350      769.2526418707     -1720.334745806
    19 -951.0821038698      769.2527613680     -1720.334865238
    20 -951.0821038838      769.2527962362     -1720.334900120
    21 -951.0821039338      769.2524857130     -1720.334589647
$end
