$hessian (projected)
 1  1   0.1293629993   0.0000000000   0.0000000000  -0.0640315319   0.0000000000
 1  2  -0.0472503988   0.0001791367   0.0000000000  -0.0072970971  -0.0008291044
 1  3   0.0000000000   0.0009620070  -0.0640315319   0.0000000000   0.0472503988
 1  4   0.0001791367   0.0000000000   0.0072970971  -0.0008291044   0.0000000000
 1  5  -0.0009620070
 2  1   0.0000000000   0.0096976657   0.0000000000   0.0000000000  -0.0118019154
 2  2   0.0000000000   0.0000000000   0.0090188121   0.0000000000   0.0000000000
 2  3  -0.0020657295   0.0000000000   0.0000000000  -0.0118019154   0.0000000000
 2  4   0.0000000000   0.0090188121   0.0000000000   0.0000000000  -0.0020657295
 2  5   0.0000000000
 3  1   0.0000000000   0.0000000000   0.1179467281  -0.0502625119   0.0000000000
 3  2  -0.0606090156  -0.0100700561   0.0000000000   0.0023955672   0.0020680386
 3  3   0.0000000000  -0.0007599156   0.0502625119   0.0000000000  -0.0606090156
 3  4   0.0100700561   0.0000000000   0.0023955672  -0.0020680386   0.0000000000
 3  5  -0.0007599156
 4  1  -0.0640315319   0.0000000000  -0.0502625119   0.1480966385   0.0000000000
 4  2   0.0980328139  -0.0649089273   0.0000000000  -0.0290727259  -0.0139924604
 4  3   0.0000000000  -0.0203828523  -0.0043693350   0.0000000000   0.0004662688
 4  4  -0.0006872359   0.0000000000   0.0012413840  -0.0001071480   0.0000000000
 4  5  -0.0000223766
 5  1   0.0000000000  -0.0118019154   0.0000000000   0.0000000000   0.0325630287
 5  2   0.0000000000   0.0000000000  -0.0305518260   0.0000000000   0.0000000000
 5  3   0.0103735187   0.0000000000   0.0000000000  -0.0009431518   0.0000000000
 5  4   0.0000000000   0.0005260071   0.0000000000   0.0000000000  -0.0001656613
 5  5   0.0000000000
 6  1  -0.0472503988   0.0000000000  -0.0606090156   0.0980328139   0.0000000000
 6  2   0.1203960403  -0.0289590790   0.0000000000  -0.0554772757  -0.0208070114
 6  3   0.0000000000  -0.0072479262  -0.0004662688   0.0000000000   0.0036893400
 6  4  -0.0008596919   0.0000000000  -0.0008762676   0.0003096361   0.0000000000
 6  5   0.0001251048
 7  1   0.0001791367   0.0000000000  -0.0100700561  -0.0649089273   0.0000000000
 7  2  -0.0289590790   0.8799187210   0.0000000000   0.7051073253  -0.8141221739
 7  3   0.0000000000  -0.6672120814  -0.0006872359   0.0000000000   0.0008596919
 7  4  -0.0009734102   0.0000000000   0.0007477896   0.0005938896   0.0000000000
 7  5  -0.0004735904
 8  1   0.0000000000   0.0090188121   0.0000000000   0.0000000000  -0.0305518260
 8  2   0.0000000000   0.0000000000   0.0395505165   0.0000000000   0.0000000000
 8  3  -0.0183746563   0.0000000000   0.0000000000   0.0005260071   0.0000000000
 8  4   0.0000000000  -0.0002509994   0.0000000000   0.0000000000   0.0000821460
 8  5   0.0000000000
 9  1  -0.0072970971   0.0000000000   0.0023955672  -0.0290727259   0.0000000000
 9  2  -0.0554772757   0.7051073253   0.0000000000   0.6301337556  -0.6671580264
 9  3   0.0000000000  -0.5771671798  -0.0012413840   0.0000000000  -0.0008762676
 9  4  -0.0007477896   0.0000000000   0.0015376134   0.0004096976   0.0000000000
 9  5  -0.0005462130
10  1  -0.0008291044   0.0000000000   0.0020680386  -0.0139924604   0.0000000000
10  2  -0.0208070114  -0.8141221739   0.0000000000  -0.6671580264   0.8287783054
10  3   0.0000000000   0.6863766463  -0.0001071480   0.0000000000  -0.0003096361
10  4   0.0005938896   0.0000000000  -0.0004096976  -0.0003213082   0.0000000000
10  5   0.0002396866
11  1   0.0000000000  -0.0020657295   0.0000000000   0.0000000000   0.0103735187
11  2   0.0000000000   0.0000000000  -0.0183746563   0.0000000000   0.0000000000
11  3   0.0101659854   0.0000000000   0.0000000000  -0.0001656613   0.0000000000
11  4   0.0000000000   0.0000821460   0.0000000000   0.0000000000  -0.0000156031
11  5   0.0000000000
12  1   0.0009620070   0.0000000000  -0.0007599156  -0.0203828523   0.0000000000
12  2  -0.0072479262  -0.6672120814   0.0000000000  -0.5771671798   0.6863766463
12  3   0.0000000000   0.5853673973   0.0000223766   0.0000000000   0.0001251048
12  4   0.0004735904   0.0000000000  -0.0005462130  -0.0002396866   0.0000000000
12  5   0.0002287325
13  1  -0.0640315319   0.0000000000   0.0502625119  -0.0043693350   0.0000000000
13  2  -0.0004662688  -0.0006872359   0.0000000000  -0.0012413840  -0.0001071480
13  3   0.0000000000   0.0000223766   0.1480966385   0.0000000000  -0.0980328139
13  4  -0.0649089273   0.0000000000   0.0290727259  -0.0139924604   0.0000000000
13  5   0.0203828523
14  1   0.0000000000  -0.0118019154   0.0000000000   0.0000000000  -0.0009431518
14  2   0.0000000000   0.0000000000   0.0005260071   0.0000000000   0.0000000000
14  3  -0.0001656613   0.0000000000   0.0000000000   0.0325630287   0.0000000000
14  4   0.0000000000  -0.0305518260   0.0000000000   0.0000000000   0.0103735187
14  5   0.0000000000
15  1   0.0472503988   0.0000000000  -0.0606090156   0.0004662688   0.0000000000
15  2   0.0036893400   0.0008596919   0.0000000000  -0.0008762676  -0.0003096361
15  3   0.0000000000   0.0001251048  -0.0980328139   0.0000000000   0.1203960403
15  4   0.0289590790   0.0000000000  -0.0554772757   0.0208070114   0.0000000000
15  5  -0.0072479262
16  1   0.0001791367   0.0000000000   0.0100700561  -0.0006872359   0.0000000000
16  2  -0.0008596919  -0.0009734102   0.0000000000  -0.0007477896   0.0005938896
16  3   0.0000000000   0.0004735904  -0.0649089273   0.0000000000   0.0289590790
16  4   0.8799187210   0.0000000000  -0.7051073253  -0.8141221739   0.0000000000
16  5   0.6672120814
17  1   0.0000000000   0.0090188121   0.0000000000   0.0000000000   0.0005260071
17  2   0.0000000000   0.0000000000  -0.0002509994   0.0000000000   0.0000000000
17  3   0.0000821460   0.0000000000   0.0000000000  -0.0305518260   0.0000000000
17  4   0.0000000000   0.0395505165   0.0000000000   0.0000000000  -0.0183746563
17  5   0.0000000000
18  1   0.0072970971   0.0000000000   0.0023955672   0.0012413840   0.0000000000
18  2  -0.0008762676   0.0007477896   0.0000000000   0.0015376134  -0.0004096976
18  3   0.0000000000  -0.0005462130   0.0290727259   0.0000000000  -0.0554772757
18  4  -0.7051073253   0.0000000000   0.6301337556   0.6671580264   0.0000000000
18  5  -0.5771671798
19  1  -0.0008291044   0.0000000000  -0.0020680386  -0.0001071480   0.0000000000
19  2   0.0003096361   0.0005938896   0.0000000000   0.0004096976  -0.0003213082
19  3   0.0000000000  -0.0002396866  -0.0139924604   0.0000000000   0.0208070114
19  4  -0.8141221739   0.0000000000   0.6671580264   0.8287783054   0.0000000000
19  5  -0.6863766463
20  1   0.0000000000  -0.0020657295   0.0000000000   0.0000000000  -0.0001656613
20  2   0.0000000000   0.0000000000   0.0000821460   0.0000000000   0.0000000000
20  3  -0.0000156031   0.0000000000   0.0000000000   0.0103735187   0.0000000000
20  4   0.0000000000  -0.0183746563   0.0000000000   0.0000000000   0.0101659854
20  5   0.0000000000
21  1  -0.0009620070   0.0000000000  -0.0007599156  -0.0000223766   0.0000000000
21  2   0.0001251048  -0.0004735904   0.0000000000  -0.0005462130   0.0002396866
21  3   0.0000000000   0.0002287325   0.0203828523   0.0000000000  -0.0072479262
21  4   0.6672120814   0.0000000000  -0.5771671798  -0.6863766463   0.0000000000
21  5   0.5853673973
$end
