$vibrational normal modes
 1  1   0.4017933788   0.0112069541   0.0531646733   0.0021192264   0.0144547723
 1  2   0.1746816095   0.0000000000  -0.0000000000  -0.0531810057  -0.0000000000
 1  3  -0.0000000000   0.0000000000   0.2473802835   0.0000000000   0.0000000000
 1  4  -0.0000000000   0.6957767154  -0.0000000000   0.1784605990   0.0006394290
 1  5  -0.0000000000
 2  1  -0.0007586826  -0.2505229121   0.1222823881   0.6057590069   0.3411628300
 2  2  -0.0593414160  -0.0000000000   0.0000000000   0.0000000000  -0.0000000000
 2  3  -0.6031700194   0.0000000000  -0.0000000000   0.0000000000   0.1128198336
 2  4  -0.0000000000  -0.0000000000   0.0000000000   0.0000000000  -0.0000000000
 2  5   0.0000000000
 3  1   0.0627779325  -0.0308102029   0.2599921746  -0.0179552588  -0.0552618876
 3  2  -0.1098904977   0.2040122773   0.0000000000   0.0000000000  -0.0873896372
 3  3   0.0000000000  -0.4026279673   0.0000000000   0.0000000000   0.0000000000
 3  4   0.5547842988   0.0000000000  -0.1409096673  -0.0000000000  -0.0000000000
 3  5  -0.0010311194
 4  1   0.3782453935   0.0227638528  -0.0443583206   0.0088542391   0.0138499561
 4  2   0.0060992777   0.1634159242   0.0000000000   0.0498214435  -0.1640756749
 4  3  -0.0000000000   0.0560483215  -0.0011645491  -0.0000000000  -0.0000000000
 4  4  -0.0073163323  -0.0460848946   0.0626398567  -0.0701386362   0.0005969823
 4  5  -0.0005640637
 5  1  -0.0216555417   0.1464689083   0.0504563035   0.4906422702   0.0046270731
 5  2  -0.0008048270   0.0000000000  -0.1401234618   0.0000000000  -0.0000000000
 5  3   0.0972178120   0.0000000000  -0.0000000000   0.0342104386  -0.0341382769
 5  4   0.0000000000  -0.0000000000   0.0000000000  -0.0000000000   0.0000000000
 5  5  -0.0000000000
 6  1   0.0890867555  -0.0437220676   0.3689490614  -0.0254799049  -0.0545861609
 6  2   0.0784569404   0.0179450380  -0.0000000000  -0.1388772832   0.0602235241
 6  3  -0.0000000000   0.0126166702  -0.0426722185  -0.0000000000  -0.0000000000
 6  4  -0.0479680030  -0.0139752423   0.0595539602  -0.0563524848   0.0004883734
 6  5  -0.0004809922
 7  1   0.3585551574   0.0324274423  -0.1259046075   0.0144858882   0.0133442238
 7  2  -0.1348650495   0.3374712697  -0.0000000000  -0.1711190341   0.0438482518
 7  3   0.0000000000  -0.2928767461  -0.4392131748  -0.0000000000  -0.0000000000
 7  4  -0.4491353967   0.0460304665  -0.3288742568   0.3929413322  -0.3877925257
 7  5   0.3878829650
 8  1  -0.0403557878   0.4885448956  -0.0065063084   0.3989467443  -0.2745824886
 8  2   0.0477605186   0.0000000000   0.2082871805  -0.0000000000   0.0000000000
 8  3  -0.0505219927  -0.0000000000   0.0000000000  -0.6379829952   0.6353290305
 8  4  -0.0000000000   0.0000000000  -0.0000000000   0.0000000000  -0.0000000000
 8  5  -0.0000000000
 9  1   0.1124318479  -0.0551793903   0.4656317824  -0.0321568877  -0.0539865558
 9  2   0.2455867416  -0.1901537473   0.0000000000   0.1211558900  -0.1836767565
 9  3  -0.0000000000   0.4903241150   0.4255735852  -0.0000000000   0.0000000000
 9  4   0.2522534076  -0.4175989312  -0.3580697044   0.2787686228  -0.3249639039
 9  5   0.3252393775
10  1   0.3475529457   0.0378271163  -0.1714698058   0.0176326557   0.0130616385
10  2  -0.2136309597   0.4466167494  -0.0000000000  -0.4621933542   0.3529631466
10  3   0.0000000000   0.2538220357   0.1425119273  -0.0000000000  -0.0000000000
10  4  -0.0099368618  -0.2785152236  -0.3944370875   0.3675322530   0.3785881852
10  5  -0.3783754531
11  1  -0.0508773629   0.6802833530  -0.0381519302   0.3479802472  -0.4304653025
11  2   0.0748745712   0.0000000000   0.6610460392  -0.0000000000   0.0000000000
11  3  -0.5532532775   0.0000000000  -0.0000000000   0.3029972668  -0.2980393324
11  4   0.0000000000  -0.0000000000   0.0000000000  -0.0000000000   0.0000000000
11  5   0.0000000000
12  1   0.1255558650  -0.0616204058   0.5199843491  -0.0359105176  -0.0536494731
12  2   0.3395428650  -0.3203917607   0.0000000000   0.4682239251  -0.5526219529
12  3  -0.0000000000  -0.1581916980  -0.2706445722  -0.0000000000  -0.0000000000
12  4  -0.2798206665  -0.0393682018  -0.3010797255   0.3298273547   0.3173099508
12  5  -0.3171704403
13  1   0.3782453935   0.0227638528  -0.0443583206   0.0088542391   0.0138499561
13  2   0.0060992777  -0.1634159242   0.0000000000   0.0498214435   0.1640756749
13  3   0.0000000000  -0.0560483215  -0.0011645491   0.0000000000   0.0000000000
13  4   0.0073163323  -0.0460848946  -0.0626398567  -0.0701386362   0.0005969823
13  5   0.0005640637
14  1   0.0262918095  -0.2491019703  -0.0705659471   0.3123385086  -0.0810899103
14  2   0.0141046729  -0.0000000000   0.1401234618  -0.0000000000   0.0000000000
14  3   0.0972178120  -0.0000000000   0.0000000000  -0.0342104386  -0.0341382769
14  4   0.0000000000   0.0000000000  -0.0000000000   0.0000000000  -0.0000000000
14  5   0.0000000000
15  1   0.0364691096  -0.0178983382   0.1510352878  -0.0104306127  -0.0559376144
15  2  -0.2982379359   0.0179450380   0.0000000000   0.1388772832   0.0602235241
15  3   0.0000000000   0.0126166702   0.0426722185   0.0000000000  -0.0000000000
15  4  -0.0479680030   0.0139752423   0.0595539602   0.0563524848  -0.0004883734
15  5  -0.0004809922
16  1   0.3585551574   0.0324274423  -0.1259046075   0.0144858882   0.0133442238
16  2  -0.1348650495  -0.3374712697  -0.0000000000  -0.1711190341  -0.0438482518
16  3   0.0000000000   0.2928767461  -0.4392131748  -0.0000000000  -0.0000000000
16  4   0.4491353967   0.0460304665   0.3288742567   0.3929413322  -0.3877925257
16  5  -0.3878829650
17  1   0.0501375696  -0.2580351760  -0.2349174616   0.0624254221  -0.4363603016
17  2   0.0758999396  -0.0000000000  -0.2082871805   0.0000000000  -0.0000000000
17  3  -0.0505219927   0.0000000000  -0.0000000000   0.6379829952   0.6353290305
17  4  -0.0000000000  -0.0000000000   0.0000000000   0.0000000000  -0.0000000000
17  5   0.0000000000
18  1   0.0131240172  -0.0064410154   0.0543525667  -0.0037536299  -0.0565372195
18  2  -0.4653677370  -0.1901537473  -0.0000000000  -0.1211558900  -0.1836767565
18  3   0.0000000000   0.4903241150  -0.4255735852  -0.0000000000  -0.0000000000
18  4   0.2522534076   0.4175989312  -0.3580697044  -0.2787686228   0.3249639039
18  5   0.3252393775
19  1   0.3475529457   0.0378271163  -0.1714698058   0.0176326557   0.0130616385
19  2  -0.2136309597  -0.4466167494  -0.0000000000  -0.4621933542  -0.3529631466
19  3   0.0000000000  -0.2538220357   0.1425119273   0.0000000000   0.0000000000
19  4   0.0099368618  -0.2785152236   0.3944370875   0.3675322530   0.3785881852
19  5   0.3783754531
20  1   0.0635342770  -0.2636251593  -0.3269343930  -0.0774869636  -0.6350025793
20  2   0.1104515174  -0.0000000000  -0.6610460392   0.0000000000  -0.0000000000
20  3  -0.5532532775  -0.0000000000   0.0000000000  -0.3029972668  -0.2980393324
20  4   0.0000000000   0.0000000000  -0.0000000000  -0.0000000000  -0.0000000000
20  5   0.0000000000
21  1   0.0000000000   0.0000000000   0.0000000000   0.0000000000  -0.0568743022
21  2  -0.5593238604  -0.3203917607  -0.0000000000  -0.4682239251  -0.5526219529
21  3   0.0000000000  -0.1581916980   0.2706445722   0.0000000000   0.0000000000
21  4  -0.2798206665   0.0393682018  -0.3010797254  -0.3298273547  -0.3173099508
21  5  -0.3171704403
$end
