$grad
  cycle =      1    SCF energy =   -26.43824246835   |dE/dxyz| =  0.000597
    0.43869847166240     -2.63197763051801     -0.00000000000412      C 
    2.43693627859181     -0.90477607272824     -0.00000000000129      C 
    2.01575927203617      1.66414806052259      0.00000000000327      C 
   -0.43869847166241      2.63197763051801      0.00000000000512      C 
   -2.43693627859181      0.90477607272824      0.00000000000151      C 
   -2.01575927203617     -1.66414806052259     -0.00000000000290      C 
    4.35650644018113     -1.60708370822404     -0.00000000000017      H 
    3.61169939718966      2.93407614890696      0.00000000000480      H 
   -4.35650644018113      1.60708370822404      0.00000000000042      H 
   -3.61169939718967     -2.93407614890696     -0.00000000000449      H 
   -1.00235724801334      5.32489916778220      0.00000000000615      C 
    0.65459743238359      7.21038553302860     -0.00000000000373      C 
   -3.00154205173240      5.77100344341389      0.00000000000248      H 
    0.04638552711355      9.15149984237879     -0.00000000000652      H 
    2.66665655117053      6.91008715735197     -0.00000000000099      H 
    1.00235724801333     -5.32489916778220     -0.00000000000426      C 
   -0.65459743238360     -7.21038553302860      0.00000000000215      C 
    3.00154205173239     -5.77100344341389     -0.00000000000106      H 
   -0.04638552711356     -9.15149984237879      0.00000000000433      H 
   -2.66665655117054     -6.91008715735196     -0.00000000000068      H 
  -1.2614228868547E-04  -7.9166575547760E-05  -4.4671991629303E-13
  -1.0286731347821E-04   1.7946349865886E-04  -3.0526103845383E-13
  -7.7537754831762E-05  -3.2442378745671E-05   2.7725445394734E-13
   1.2614228868515E-04   7.9166575546668E-05   5.4061542161157E-13
   1.0286731347855E-04  -1.7946349865970E-04   1.8989132868618E-13
   7.7537754831806E-05   3.2442378745579E-05  -3.3306171785965E-13
   6.7887586622675E-05  -3.7396343326327E-05   5.7888784943966E-14
   7.0819409120660E-05   2.9379328944512E-05   6.4600971846071E-14
  -6.7887586622466E-05   3.7396343326321E-05  -5.2223326510309E-14
  -7.0819409120776E-05  -2.9379328944673E-05  -6.6661326003599E-14
   1.5190777359216E-04   5.6798832495719E-08   2.4640904491168E-12
  -1.3012745507325E-04   1.7917684693025E-04  -2.1423854937510E-12
  -7.2020905803130E-05   6.9507180581635E-05  -2.0667247008658E-13
  -1.0161562791988E-05  -6.3882924542227E-05  -1.9279590022763E-13
   2.9968456962731E-05  -8.3346285498578E-05   1.6219582312957E-13
  -1.5190777359148E-04  -5.6798829511905E-08  -1.5949382780739E-12
   1.3012745507206E-04  -1.7917684692962E-04   1.4180493846923E-12
   7.2020905802927E-05  -6.9507180581746E-05   1.7332485280141E-13
   1.0161562792463E-05   6.3882924540729E-05   1.5208163421779E-13
  -2.9968456962744E-05   8.3346285498703E-05  -1.5927363773349E-13
$end
