../../Gaussian/basicGaussian03/dvb_sp.out

entry_name: dvb_sp-1
  
&gen 
idft=22111 
igeopt=-1 
basis=sto-3g 
ip11=2 
ip18=2 
ip19=2 
&
&zmat
  C1            0.2694810000          -1.4100870000          0.0000000000
  C2           -1.0647520000          -0.9207000000          0.0000000000
  C3           -1.3254340000           0.4570290000          0.0000000000
  C4           -0.2694810000           1.4100870000          0.0000000000
  C5            1.0647520000           0.9207000000          0.0000000000
  H6           -1.9044340000          -1.6275960000          0.0000000000
  H7           -2.3647720000           0.8131670000          0.0000000000
  H8            1.9044340000           1.6275960000          0.0000000000
  C9           -0.6037320000           2.8699170000          0.0000000000
  C10           0.2694810000           3.8919520000          0.0000000000
  H11           1.3551660000           3.7420140000          0.0000000000
  H12          -1.6819040000           3.0900050000          0.0000000000
  H13          -0.0740290000           4.9329690000          0.0000000000
  C14           0.6037320000          -2.8699170000          0.0000000000
  H15           1.6819040000          -3.0900050000          0.0000000000
  C16          -0.2694810000          -3.8919520000          0.0000000000
  H17          -1.3551660000          -3.7420140000          0.0000000000
  H18           0.0740290000          -4.9329690000          0.0000000000
  C19           1.3254340000          -0.4570290000          0.0000000000
  H20           2.3647720000          -0.8131670000          0.0000000000
&
&guess  basgss=sto-3g          
    1 Orbital Energy   -10.020128 Occupation  1.000000 Symmetry Bu      
  0.699297688030599  0.031565847839297 -0.000052626831874  0.000911756843938
  0.000000000000000 -0.019032229397733 -0.007707372411304 -0.004203697945619
  0.001232717540608  0.000000000000000  0.018543346534840  0.007722292052066
  0.003460501948256  0.002719323392887  0.000000000000000 -0.699297688030599
 -0.031565847839297 -0.000052626831874  0.000911756843938  0.000000000000000
  0.019032229397733  0.007707372411304 -0.004203697945619  0.001232717540608
  0.000000000000000  0.000331588395717 -0.000332551016856 -0.000331588395717
  0.027456341610710  0.006726521744317  0.001005119241388 -0.003947925209597
  0.000000000000000 -0.000178986034971 -0.000474605912996 -0.000011247129964
  0.000282246523411  0.000000000000000  0.000148390762605 -0.000326118276444
  0.000028736011478 -0.027456341610710 -0.006726521744317  0.001005119241388
 -0.003947925209597  0.000000000000000  0.000326118276444  0.000178986034971
  0.000474605912996 -0.000011247129964  0.000282246523411  0.000000000000000
 -0.000148390762605 -0.000028736011478 -0.018543346534840 -0.007722292052066
  0.003460501948256  0.002719323392887  0.000000000000000  0.000332551016856
    2 Orbital Energy   -10.020081 Occupation  1.000000 Symmetry Ag      
  0.699295313288549  0.031359337464587  0.000008005054705  0.000643082063520
  0.000000000000000 -0.019289776493774 -0.006874082176442 -0.004104499317767
  0.001662547400667  0.000000000000000 -0.019025840347587 -0.006912599324265
 -0.003243126626216 -0.003082012503164  0.000000000000000  0.699295313288549
  0.031359337464587 -0.000008005054705 -0.000643082063520  0.000000000000000
 -0.019289776493774 -0.006874082176442  0.004104499317767 -0.001662547400667
  0.000000000000000  0.000221872631029  0.000219632610314  0.000221872631029
 -0.027820931972760 -0.006794469355470 -0.001013774143506  0.003985382612193
  0.000000000000000  0.000192685583576  0.000477822465673  0.000010799671160
 -0.000288918543718  0.000000000000000 -0.000140554060319  0.000337372829324
 -0.000027831002401 -0.027820931972760 -0.006794469355470  0.001013774143506
 -0.003985382612193  0.000000000000000  0.000337372829324  0.000192685583576
  0.000477822465673 -0.000010799671160  0.000288918543718  0.000000000000000
 -0.000140554060319 -0.000027831002401 -0.019025840347587 -0.006912599324265
  0.003243126626216  0.003082012503164  0.000000000000000  0.000219632610314
    3 Orbital Energy   -10.007975 Occupation  1.000000 Symmetry Bu      
 -0.028080929734827  0.004129949847088  0.000773760735092 -0.004128045044113
  0.000000000000000  0.007254688634915  0.000419954833735  0.000131270165162
  0.000076658293337  0.000000000000000 -0.008517675515509 -0.000518371319007
 -0.000128001744109 -0.000000952096757  0.000000000000000  0.028080929734827
 -0.004129949847088  0.000773760735092 -0.004128045044113  0.000000000000000
 -0.007254688634915 -0.000419954833735  0.000131270165162  0.000076658293337
  0.000000000000000  0.000064087832786  0.000073929639531 -0.000064087832786
  0.699832729686608  0.030782721144460  0.000714948391995  0.001092265013012
  0.000000000000000 -0.007995414528526 -0.007608665025355  0.002956878380314
  0.003515100523284  0.000000000000000  0.000185341526625 -0.006422975886018
  0.000214789177810 -0.699832729686608 -0.030782721144460  0.000714948391995
  0.001092265013012  0.000000000000000  0.006422975886018  0.007995414528526
  0.007608665025355  0.002956878380314  0.003515100523284  0.000000000000000
 -0.000185341526625 -0.000214789177810  0.008517675515509  0.000518371319007
 -0.000128001744109 -0.000000952096757  0.000000000000000 -0.000073929639531
    4 Orbital Energy   -10.007974 Occupation  1.000000 Symmetry Ag      
 -0.028286077352728  0.004074277595228  0.000764283944359 -0.004101570652656
  0.000000000000000  0.009768869905459  0.000400955077961  0.000209304948784
  0.000017378181001  0.000000000000000  0.011518379135271  0.000558841846710
  0.000189350464853  0.000062167201572  0.000000000000000 -0.028286077352728
  0.004074277595228 -0.000764283944359  0.004101570652656  0.000000000000000
  0.009768869905459  0.000400955077961 -0.000209304948784 -0.000017378181001
  0.000000000000000  0.000066288747105 -0.000080597845216  0.000066288747105
 -0.699752061148164 -0.030764127729449 -0.000712373569611 -0.001102628155955
  0.000000000000000  0.007989049458539  0.007607075379826 -0.002957240379060
 -0.003513272481602  0.000000000000000 -0.000185723797439  0.006420776387016
 -0.000215018158018 -0.699752061148164 -0.030764127729449  0.000712373569611
  0.001102628155955  0.000000000000000  0.006420776387016  0.007989049458539
  0.007607075379826  0.002957240379060  0.003513272481602  0.000000000000000
 -0.000185723797439 -0.000215018158018  0.011518379135271  0.000558841846710
 -0.000189350464853 -0.000062167201572  0.000000000000000 -0.000080597845216
    5 Orbital Energy   -10.006770 Occupation  1.000000 Symmetry Bu      
 -0.027628726362362  0.007969412677762 -0.001874378466842  0.002898834260794
  0.000000000000000 -0.601158849045681 -0.030028873276852 -0.000135099988115
 -0.002990258964500  0.000000000000000  0.357586106295875  0.021554991686650
  0.001199280670615 -0.004051405180747  0.000000000000000  0.027628726362362
 -0.007969412677762 -0.001874378466842  0.002898834260794  0.000000000000000
  0.601158849045681  0.030028873276852 -0.000135099988115 -0.002990258964500
  0.000000000000000  0.005539288415655 -0.003390392967598 -0.005539288415655
  0.009570913781528  0.000544771603436  0.000049747607442  0.000043247609464
  0.000000000000000 -0.000907352679587 -0.000231270308585  0.000002392002732
  0.000121975485441  0.000000000000000  0.000156517468287 -0.000139387070791
 -0.000010188821696 -0.009570913781528 -0.000544771603436  0.000049747607442
  0.000043247609464  0.000000000000000  0.000139387070791  0.000907352679587
  0.000231270308585  0.000002392002732  0.000121975485441  0.000000000000000
 -0.000156517468287  0.000010188821696 -0.357586106295875 -0.021554991686650
  0.001199280670615 -0.004051405180747  0.000000000000000  0.003390392967598
    6 Orbital Energy   -10.006763 Occupation  1.000000 Symmetry Ag      
 -0.006151408806823  0.001553095158096 -0.005207546467815 -0.000364772028162
  0.000000000000000 -0.586685345103351 -0.029407558167192  0.000072264466918
 -0.002936829109331  0.000000000000000  0.381836494917024  0.022316442402108
  0.001112848139149 -0.003862652959111  0.000000000000000 -0.006151408806823
  0.001553095158096  0.005207546467815  0.000364772028162  0.000000000000000
 -0.586685345103351 -0.029407558167192 -0.000072264466918  0.002936829109331
  0.000000000000000  0.005418491786906 -0.003540704806070  0.005418491786906
 -0.001663459499311 -0.000067105414019 -0.000110331103952 -0.000056139429217
  0.000000000000000  0.000403379132226  0.000089336193358  0.000025094933269
 -0.000031427965147  0.000000000000000 -0.000158157901857  0.000037001968186
  0.000005383238651 -0.001663459499311 -0.000067105414019  0.000110331103952
  0.000056139429217  0.000000000000000  0.000037001968186  0.000403379132226
  0.000089336193358 -0.000025094933269  0.000031427965147  0.000000000000000
 -0.000158157901857  0.000005383238651  0.381836494917024  0.022316442402108
 -0.001112848139149  0.003862652959111  0.000000000000000 -0.003540704806070
    7 Orbital Energy   -10.006004 Occupation  1.000000 Symmetry Bu      
 -0.006683955134225  0.002024300306292  0.004779378940620  0.001748208585698
  0.000000000000000  0.358911513427746  0.010156142118588  0.001004201941547
 -0.003338220589984  0.000000000000000  0.601947022614157  0.023219921354426
  0.000321805690247  0.001777975838030  0.000000000000000  0.006683955134225
 -0.002024300306292  0.004779378940620  0.001748208585698  0.000000000000000
 -0.358911513427746 -0.010156142118588  0.001004201941547 -0.003338220589984
  0.000000000000000 -0.003084607502932 -0.005333102480849  0.003084607502932
  0.003373462863800  0.000191395308466 -0.000005849271951  0.000025169545221
  0.000000000000000  0.000116347531184 -0.000042735677347  0.000046430023574
  0.000019824640707  0.000000000000000 -0.000069503665283 -0.000059579965604
  0.000008996271705 -0.003373462863800 -0.000191395308466 -0.000005849271951
  0.000025169545221  0.000000000000000  0.000059579965604 -0.000116347531184
  0.000042735677347  0.000046430023574  0.000019824640707  0.000000000000000
  0.000069503665283 -0.000008996271705 -0.601947022614157 -0.023219921354426
  0.000321805690247  0.001777975838030  0.000000000000000  0.005333102480849
    8 Orbital Energy   -10.005869 Occupation  1.000000 Symmetry Ag      
 -0.028465970852964  0.007371323527728  0.000488560549263  0.003152728321118
  0.000000000000000 -0.382129912175777 -0.011302419229303 -0.000747125985227
  0.003295478622533  0.000000000000000 -0.586857379732941 -0.022195718308717
  0.000091034109127 -0.001972942552030  0.000000000000000 -0.028465970852964
  0.007371323527728 -0.000488560549263 -0.003152728321118  0.000000000000000
 -0.382129912175777 -0.011302419229303  0.000747125985227 -0.003295478622533
  0.000000000000000  0.003479343059903  0.005359826771728  0.003479343059903
 -0.013945142055528 -0.000609022807804 -0.000004150415858 -0.000173752480916
  0.000000000000000  0.001077030321948  0.000281381632628 -0.000038031605253
 -0.000166370781537  0.000000000000000 -0.000076964316079  0.000219086730535
  0.000011190472391 -0.013945142055528 -0.000609022807804  0.000004150415858
  0.000173752480916  0.000000000000000  0.000219086730535  0.001077030321948
  0.000281381632628  0.000038031605253  0.000166370781537  0.000000000000000
 -0.000076964316079  0.000011190472391 -0.586857379732941 -0.022195718308717
 -0.000091034109127  0.001972942552030  0.000000000000000  0.005359826771728
    9 Orbital Energy    -9.992500 Occupation  1.000000 Symmetry Bu      
  0.000175020972563  0.000159691869512 -0.000020772945375 -0.000050337842884
  0.000000000000000  0.000782307393009 -0.000015217426429 -0.000009037734408
  0.000104772828547  0.000000000000000 -0.000279966728850  0.000002434729767
  0.000004297413644  0.000080681070987  0.000000000000000 -0.000175020972563
 -0.000159691869512 -0.000020772945375 -0.000050337842884  0.000000000000000
 -0.000782307393009  0.000015217426429 -0.000009037734408  0.000104772828547
  0.000000000000000  0.000100894943250  0.000011797086703 -0.000100894943250
 -0.008883571343695  0.006896554351171  0.002996124005418  0.003452945945100
  0.000000000000000 -0.700479778529543 -0.030863706105470  0.000869517760587
  0.000945728647816  0.000000000000000  0.006356449431253 -0.000045842360397
  0.006374889803083  0.008883571343695 -0.006896554351171  0.002996124005418
  0.003452945945100  0.000000000000000  0.000045842360397  0.700479778529543
  0.030863706105470  0.000869517760587  0.000945728647816  0.000000000000000
 -0.006356449431253 -0.006374889803083  0.000279966728850 -0.000002434729767
  0.000004297413644  0.000080681070987  0.000000000000000 -0.000011797086703
   10 Orbital Energy    -9.992500 Occupation  1.000000 Symmetry Ag      
  0.000176065859848  0.000158245379790 -0.000022460629345 -0.000049148529803
  0.000000000000000  0.000843054798132 -0.000035953036524 -0.000004978358018
  0.000088441017204  0.000000000000000  0.000573739471705 -0.000060551243027
 -0.000016066951299 -0.000027708030726  0.000000000000000  0.000176065859848
  0.000158245379790  0.000022460629345  0.000049148529803  0.000000000000000
  0.000843054798132 -0.000035953036524  0.000004978358018 -0.000088441017204
  0.000000000000000  0.000101044784521 -0.000016790187828  0.000101044784521
  0.008887554833628 -0.006896313515141 -0.002995811113587 -0.003452628244109
  0.000000000000000  0.700479523899401  0.030863442664152 -0.000869463645322
 -0.000945493103461  0.000000000000000 -0.006356559923404  0.000045516372444
 -0.006374911689101  0.008887554833628 -0.006896313515141  0.002995811113587
  0.003452628244109  0.000000000000000  0.000045516372444  0.700479523899401
  0.030863442664152  0.000869463645322  0.000945493103461  0.000000000000000
 -0.006356559923404 -0.006374911689101  0.000573739471705 -0.000060551243027
  0.000016066951299  0.000027708030726  0.000000000000000 -0.000016790187828
   11 Orbital Energy    -0.809473 Occupation  1.000000 Symmetry Ag      
 -0.107839983619000  0.274645384880384 -0.006594296091193  0.040776028795833
  0.000000000000000 -0.097617177732966  0.246749177014174  0.045116223126334
  0.032631774990241  0.000000000000000 -0.097878525780309  0.247019186412511
  0.053522030921719 -0.013226208791143  0.000000000000000 -0.107839983619000
  0.274645384880384  0.006594296091193 -0.040776028795833  0.000000000000000
 -0.097617177732966  0.246749177014174 -0.045116223126334 -0.032631774990241
  0.000000000000000  0.045087231419527  0.044959846098859  0.045087231419527
 -0.049674273554994  0.127723890577514  0.013502263020829 -0.028175470373711
  0.000000000000000 -0.024600708233890  0.062517277313594 -0.011897409962727
 -0.020593923074347  0.000000000000000  0.014047052523849  0.025648789342900
  0.010562376865040 -0.049674273554994  0.127723890577514 -0.013502263020829
  0.028175470373711  0.000000000000000  0.025648789342900 -0.024600708233890
  0.062517277313594  0.011897409962727  0.020593923074347  0.000000000000000
  0.014047052523849  0.010562376865040 -0.097878525780309  0.247019186412511
 -0.053522030921719  0.013226208791143  0.000000000000000  0.044959846098859
   12 Orbital Energy    -0.753950 Occupation  1.000000 Symmetry Bu      
  0.103644161463082 -0.273993400687830 -0.005182444683644  0.032717139477104
  0.000000000000000  0.042902525116954 -0.112788917388166 -0.045834453008458
  0.045400491992634  0.000000000000000 -0.038956422261552  0.101939419483597
  0.025875011285225  0.059797380865804  0.000000000000000 -0.103644161463082
  0.273993400687830 -0.005182444683644  0.032717139477104  0.000000000000000
 -0.042902525116954  0.112788917388166 -0.045834453008458  0.045400491992634
  0.000000000000000 -0.030563601128241  0.026851829950929  0.030563601128241
 -0.113837215810213  0.297246215835585  0.034202254115254 -0.007818944451601
  0.000000000000000 -0.080633927150641  0.209075154039597 -0.036084517197210
 -0.050708587547061  0.000000000000000  0.048429436012341  0.067150504084915
  0.043675204555229  0.113837215810213 -0.297246215835585  0.034202254115254
 -0.007818944451601  0.000000000000000 -0.067150504084915  0.080633927150641
 -0.209075154039597 -0.036084517197210 -0.050708587547061  0.000000000000000
 -0.048429436012341 -0.043675204555229  0.038956422261552 -0.101939419483597
  0.025875011285225  0.059797380865804  0.000000000000000 -0.026851829950929
   13 Orbital Energy    -0.717966 Occupation  1.000000 Symmetry Ag      
  0.004685776076699 -0.015223204302849 -0.012955048452943  0.095941911466901
  0.000000000000000 -0.041778937506864  0.109033890478710  0.000899213916994
  0.047317575791673  0.000000000000000 -0.046222548135514  0.121193190221715
  0.016926400727277 -0.036745566719492  0.000000000000000  0.004685776076699
 -0.015223204302849  0.012955048452943 -0.095941911466901  0.000000000000000
 -0.041778937506864  0.109033890478710 -0.000899213916994 -0.047317575791673
  0.000000000000000  0.016807794244383  0.023247210385550  0.016807794244383
  0.119329386241627 -0.315058016915750 -0.043741612941876 -0.058371751775118
  0.000000000000000  0.117399841293869 -0.309590410202900  0.047822599942959
  0.053890795245702  0.000000000000000 -0.074064764006166 -0.076648656906342
 -0.074851282567444  0.119329386241627 -0.315058016915750  0.043741612941876
  0.058371751775118  0.000000000000000 -0.076648656906342  0.117399841293869
 -0.309590410202900 -0.047822599942959 -0.053890795245702  0.000000000000000
 -0.074064764006166 -0.074851282567444 -0.046222548135514  0.121193190221715
 -0.016926400727277  0.036745566719492  0.000000000000000  0.023247210385550
   14 Orbital Energy    -0.699753 Occupation  1.000000 Symmetry Bu      
 -0.012161153142200  0.032927737684438  0.124330796639966  0.025499031220385
  0.000000000000000  0.120389049884896 -0.324735537219586  0.036120608046802
 -0.064909145834774  0.000000000000000  0.132151992712844 -0.356642021006920
  0.002763397639197  0.056681052736557  0.000000000000000  0.012161153142200
 -0.032927737684438  0.124330796639966  0.025499031220385  0.000000000000000
 -0.120389049884896  0.324735537219586  0.036120608046802 -0.064909145834774
  0.000000000000000 -0.090194721066925 -0.098300148942775  0.090194721066925
  0.000513819072380 -0.002081992619474  0.022357655486919  0.018649872668757
  0.000000000000000 -0.014057708951248  0.036747262155020  0.001844121271001
 -0.006148186949832  0.000000000000000  0.014435287848031 -0.010127908791683
  0.008646310648854 -0.000513819072380  0.002081992619474  0.022357655486919
  0.018649872668757  0.000000000000000  0.010127908791683  0.014057708951248
 -0.036747262155020  0.001844121271001 -0.006148186949832  0.000000000000000
 -0.014435287848031 -0.008646310648854 -0.132151992712844  0.356642021006920
  0.002763397639197  0.056681052736557  0.000000000000000  0.098300148942775
   15 Orbital Energy    -0.667506 Occupation  1.000000 Symmetry Bu      
 -0.099639163693299  0.273979358855463 -0.018748890459072  0.056288410955676
  0.000000000000000 -0.072774569507097  0.200697275086635  0.055468612833199
 -0.045674816701919  0.000000000000000  0.041281281471992 -0.114081371060214
 -0.035544213900520 -0.092178981561722  0.000000000000000  0.099639163693299
 -0.273979358855463 -0.018748890459072  0.056288410955676  0.000000000000000
  0.072774569507097 -0.200697275086635  0.055468612833199 -0.045674816701919
  0.000000000000000  0.052792796116705 -0.032654751192468 -0.052792796116705
 -0.051700909213519  0.137051794206704  0.036129872857651  0.129929281847866
  0.000000000000000 -0.110366843601966  0.299720855044688 -0.034123783121813
 -0.017220126090910  0.000000000000000  0.077495656858721  0.037489589862439
  0.090033122268080  0.051700909213519 -0.137051794206704  0.036129872857651
  0.129929281847866  0.000000000000000 -0.037489589862439  0.110366843601966
 -0.299720855044688 -0.034123783121813 -0.017220126090910  0.000000000000000
 -0.077495656858721 -0.090033122268080 -0.041281281471992  0.114081371060214
 -0.035544213900520 -0.092178981561722  0.000000000000000  0.032654751192468
   16 Orbital Energy    -0.588677 Occupation  1.000000 Symmetry Ag      
 -0.071189810095474  0.206898581511294  0.121655376266321 -0.069567014189040
  0.000000000000000  0.081415459006977 -0.232296604875889  0.066325304537115
 -0.022703672881721  0.000000000000000 -0.002376075421714  0.008235640501869
  0.026185929357506  0.160371554596515  0.000000000000000 -0.071189810095474
  0.206898581511294 -0.121655376266321  0.069567014189040  0.000000000000000
  0.081415459006977 -0.232296604875889 -0.066325304537115  0.022703672881721
  0.000000000000000 -0.105507861609301  0.018654514735582 -0.105507861609301
 -0.052981705307053  0.159364698873668 -0.078066775987522 -0.131981799073669
  0.000000000000000  0.084174098060949 -0.242704039784618 -0.034291040085205
 -0.039508358033141  0.000000000000000 -0.103680987215815  0.080125624881931
 -0.098360961185516 -0.052981705307053  0.159364698873668  0.078066775987522
  0.131981799073669  0.000000000000000  0.080125624881931  0.084174098060949
 -0.242704039784618  0.034291040085205  0.039508358033141  0.000000000000000
 -0.103680987215815 -0.098360961185516 -0.002376075421714  0.008235640501869
 -0.026185929357506 -0.160371554596515  0.000000000000000  0.018654514735582
   17 Orbital Energy    -0.558895 Occupation  1.000000 Symmetry Ag      
 -0.054085849224805  0.160082138543813 -0.184266810405433 -0.067592058784707
  0.000000000000000 -0.057896372264957  0.171946743358908  0.090629863744328
 -0.167942940035368  0.000000000000000  0.110468359616351 -0.326169215803397
  0.082887092029896 -0.035744050538301  0.000000000000000 -0.054085849224805
  0.160082138543813  0.184266810405433  0.067592058784707  0.000000000000000
 -0.057896372264957  0.171946743358908 -0.090629863744328  0.167942940035368
  0.000000000000000  0.083470456366542 -0.169726098169067  0.083470456366542
 -0.007227563634215  0.023459355629247  0.049331814536272 -0.075684499815550
  0.000000000000000  0.037151471966354 -0.111377814260219  0.015306412374294
 -0.048782211111374  0.000000000000000 -0.022137077812480 -0.032910972557265
 -0.067024420599432 -0.007227563634215  0.023459355629247 -0.049331814536272
  0.075684499815550  0.000000000000000 -0.032910972557265  0.037151471966354
 -0.111377814260219 -0.015306412374294  0.048782211111374  0.000000000000000
 -0.022137077812480 -0.067024420599432  0.110468359616351 -0.326169215803397
 -0.082887092029896  0.035744050538301  0.000000000000000 -0.169726098169067
   18 Orbital Energy    -0.531662 Occupation  1.000000 Symmetry Bu      
 -0.013256467281630  0.037817266624394 -0.057019239312293  0.134096342348990
  0.000000000000000 -0.030371268990752  0.091972564911480  0.038298957961214
 -0.077107201340194  0.000000000000000  0.050702610725972 -0.154532741071954
 -0.005264009474372 -0.005435546786781  0.000000000000000  0.013256467281630
 -0.037817266624394 -0.057019239312293  0.134096342348990  0.000000000000000
  0.030371268990752 -0.091972564911480  0.038298957961214 -0.077107201340194
  0.000000000000000  0.054765834609125 -0.050233172962024 -0.054765834609125
 -0.098811499968887  0.302554415019908 -0.115103211561411 -0.044440340503347
  0.000000000000000  0.080832295604842 -0.249345086709217 -0.120325430536277
 -0.094589261013054  0.000000000000000 -0.160326753095100  0.170599286336895
 -0.124870361701620  0.098811499968887 -0.302554415019908 -0.115103211561411
 -0.044440340503347  0.000000000000000 -0.170599286336895 -0.080832295604842
  0.249345086709217 -0.120325430536277 -0.094589261013054  0.000000000000000
  0.160326753095100  0.124870361701620 -0.050702610725972  0.154532741071954
 -0.005264009474372 -0.005435546786781  0.000000000000000  0.050233172962024
   19 Orbital Energy    -0.510161 Occupation  1.000000 Symmetry Ag      
  0.054502870518576 -0.161979762942894 -0.016479457515720 -0.142955720994493
  0.000000000000000 -0.052512327873086  0.166853657377123 -0.201180555657063
 -0.041473382527282  0.000000000000000 -0.006548899361993  0.024133607049827
 -0.181552319076449 -0.093113622713236  0.000000000000000  0.054502870518576
 -0.161979762942894  0.016479457515720  0.142955720994493  0.000000000000000
 -0.052512327873086  0.166853657377123  0.201180555657063  0.041473382527282
  0.000000000000000  0.169730314868458  0.098217998732233  0.169730314868458
 -0.059173379003299  0.180860296778469 -0.064552912969737 -0.000128438328922
  0.000000000000000  0.051490078127402 -0.163218540579183 -0.077161631839095
 -0.083628538001181  0.000000000000000 -0.094945549653565  0.112558149627348
 -0.096961051405621 -0.059173379003299  0.180860296778469  0.064552912969737
  0.000128438328922  0.000000000000000  0.112558149627348  0.051490078127402
 -0.163218540579183  0.077161631839095  0.083628538001181  0.000000000000000
 -0.094945549653565 -0.096961051405621 -0.006548899361993  0.024133607049827
  0.181552319076449  0.093113622713236  0.000000000000000  0.098217998732233
   20 Orbital Energy    -0.457435 Occupation  1.000000 Symmetry Ag      
  0.032341764720181 -0.106612410894223 -0.054177060878592  0.131459697667971
  0.000000000000000 -0.019463303480755  0.055110751448068  0.082119216960301
  0.137951465439819  0.000000000000000  0.013163401860748 -0.050926432447201
  0.140678748606922 -0.137617985129140  0.000000000000000  0.032341764720181
 -0.106612410894223  0.054177060878592 -0.131459697667971  0.000000000000000
 -0.019463303480755  0.055110751448068 -0.082119216960301 -0.137951465439819
  0.000000000000000 -0.090698162131536 -0.135961952518649 -0.090698162131536
 -0.040083693110190  0.127382989088700 -0.119532424484102  0.181846026923974
  0.000000000000000  0.016829257765280 -0.063192766609818 -0.212974493683509
  0.003627319085309  0.000000000000000 -0.178992522301000  0.152813319965991
  0.021615642229716 -0.040083693110190  0.127382989088700  0.119532424484102
 -0.181846026923974  0.000000000000000  0.152813319965991  0.016829257765280
 -0.063192766609818  0.212974493683509 -0.003627319085309  0.000000000000000
 -0.178992522301000  0.021615642229716  0.013163401860748 -0.050926432447201
 -0.140678748606922  0.137617985129140  0.000000000000000 -0.135961952518649
   21 Orbital Energy    -0.439347 Occupation  1.000000 Symmetry Bu      
  0.023116162314345 -0.079226735029160  0.122353121645435  0.137899463834743
  0.000000000000000 -0.042383213921071  0.138252346697997 -0.100239464369034
  0.099091896166795  0.000000000000000  0.022242676168103 -0.074905546703544
  0.022881189967056 -0.184411883739757  0.000000000000000 -0.023116162314345
  0.079226735029160  0.122353121645435  0.137899463834743  0.000000000000000
  0.042383213921071 -0.138252346697997 -0.100239464369034  0.099091896166795
  0.000000000000000  0.061221470451581 -0.100358431208466 -0.061221470451581
 -0.016791002831952  0.051293999847518  0.222060505176417 -0.095201807114400
  0.000000000000000  0.008059722437647 -0.031093489571479  0.095255717842993
 -0.207224541779604  0.000000000000000  0.072247682810311 -0.155824083929946
 -0.177352223593106  0.016791002831952 -0.051293999847518  0.222060505176417
 -0.095201807114400  0.000000000000000  0.155824083929946 -0.008059722437647
  0.031093489571479  0.095255717842993 -0.207224541779604  0.000000000000000
 -0.072247682810311  0.177352223593106 -0.022242676168103  0.074905546703544
  0.022881189967056 -0.184411883739757  0.000000000000000  0.100358431208466
   22 Orbital Energy    -0.410585 Occupation  1.000000 Symmetry Bu      
  0.069168935644348 -0.234388448644267 -0.100384737401290 -0.028878658725424
  0.000000000000000 -0.044096906844341  0.153223670165856 -0.109733512958161
 -0.181389834137455  0.000000000000000  0.047633919049203 -0.163815510968679
  0.218646687670760  0.067218375709562  0.000000000000000 -0.069168935644348
  0.234388448644267 -0.100384737401290 -0.028878658725424  0.000000000000000
  0.044096906844341 -0.153223670165856 -0.109733512958161 -0.181389834137455
  0.000000000000000  0.231214119150086 -0.225337859431705 -0.231214119150086
  0.015195988084385 -0.041868118738181 -0.036838682832001 -0.127476869753594
  0.000000000000000 -0.011951559997985  0.049927606756051  0.073544055143212
  0.136437860650245  0.000000000000000  0.043420985593379 -0.026431319546757
  0.105056750806858 -0.015195988084385  0.041868118738181 -0.036838682832001
 -0.127476869753594  0.000000000000000  0.026431319546757  0.011951559997985
 -0.049927606756051  0.073544055143212  0.136437860650245  0.000000000000000
 -0.043420985593379 -0.105056750806858 -0.047633919049203  0.163815510968679
  0.218646687670760  0.067218375709562  0.000000000000000  0.225337859431705
   23 Orbital Energy    -0.397955 Occupation  1.000000 Symmetry Bu      
  0.022658643008360 -0.077009599553974  0.222741075866833 -0.139026124713443
  0.000000000000000  0.011736854322059 -0.036484416525720 -0.252162057260902
  0.049425204355129  0.000000000000000 -0.001145110407181  0.001053511238431
  0.006807417738489 -0.118739061219575  0.000000000000000 -0.022658643008360
  0.077009599553974  0.222741075866833 -0.139026124713443  0.000000000000000
 -0.011736854322059  0.036484416525720 -0.252162057260902  0.049425204355129
  0.000000000000000  0.133578257838679 -0.037153934521077 -0.133578257838679
  0.002452927811649 -0.014519264174435  0.037374825193335  0.183339038077892
  0.000000000000000 -0.001004935495000 -0.007733223288312 -0.252167054511267
  0.031604631801823  0.000000000000000 -0.215815731509785 -0.011838138613402
  0.087274345725789 -0.002452927811649  0.014519264174435  0.037374825193335
  0.183339038077892  0.000000000000000  0.011838138613402  0.001004935495000
  0.007733223288312 -0.252167054511267  0.031604631801823  0.000000000000000
  0.215815731509785 -0.087274345725789  0.001145110407181 -0.001053511238431
  0.006807417738489 -0.118739061219575  0.000000000000000  0.037153934521077
   24 Orbital Energy    -0.396092 Occupation  1.000000 Symmetry Ag      
  0.021619608733665 -0.071390963723173 -0.015719100939668  0.009587563785907
  0.000000000000000  0.018355550569487 -0.068381329625855  0.033954156394883
  0.136879904698258  0.000000000000000 -0.025327930754935  0.084653309402607
  0.007904965967679 -0.081156504777166  0.000000000000000  0.021619608733665
 -0.071390963723173  0.015719100939668 -0.009587563785907  0.000000000000000
  0.018355550569487 -0.068381329625855 -0.033954156394883 -0.136879904698258
  0.000000000000000 -0.113872423082015  0.006688305941677 -0.113872423082015
 -0.027645749961002  0.080571539144142  0.250224621195737  0.088442153086406
  0.000000000000000 -0.004473027000184 -0.000009571899693 -0.003782724539069
 -0.339026229369233  0.000000000000000  0.023740652358203 -0.145832731473092
 -0.261998603013961 -0.027645749961002  0.080571539144142 -0.250224621195737
 -0.088442153086406  0.000000000000000 -0.145832731473092 -0.004473027000184
 -0.000009571899693  0.003782724539069  0.339026229369233  0.000000000000000
  0.023740652358203 -0.261998603013961 -0.025327930754935  0.084653309402607
 -0.007904965967679  0.081156504777166  0.000000000000000  0.006688305941677
   25 Orbital Energy    -0.373941 Occupation  1.000000 Symmetry Bu      
 -0.003232232696987  0.011348792791031  0.083671991223740  0.080100328457558
  0.000000000000000  0.020095972651612 -0.063610392283168 -0.182672168884660
 -0.229312957449642  0.000000000000000  0.028549178228919 -0.090936783328555
 -0.312134900982153  0.137874327032942  0.000000000000000  0.003232232696987
 -0.011348792791031  0.083671991223740  0.080100328457558  0.000000000000000
 -0.020095972651612  0.063610392283168 -0.182672168884660 -0.229312957449642
  0.000000000000000  0.217137896046342  0.253575964767115 -0.217137896046342
  0.001842401121209 -0.004337833636841  0.019133454435794 -0.064779752230500
  0.000000000000000 -0.004273766384154  0.017813468835591  0.076668048468613
 -0.004561131858844  0.000000000000000  0.054378108151179 -0.014957535742640
 -0.016454250090761 -0.001842401121209  0.004337833636841  0.019133454435794
 -0.064779752230500  0.000000000000000  0.014957535742640  0.004273766384154
 -0.017813468835591  0.076668048468613 -0.004561131858844  0.000000000000000
 -0.054378108151179  0.016454250090761 -0.028549178228919  0.090936783328555
 -0.312134900982153  0.137874327032942  0.000000000000000 -0.253575964767115
   26 Orbital Energy    -0.351136 Occupation  1.000000 Symmetry Bu      
  0.003008474875750 -0.011084145744981  0.164404978926697  0.181004302326973
  0.000000000000000 -0.006608647071972  0.018504378747064 -0.075548533189339
  0.192825789551220  0.000000000000000  0.017334748659342 -0.062741734030813
 -0.095909645400755 -0.227352892840677  0.000000000000000 -0.003008474875750
  0.011084145744981  0.164404978926697  0.181004302326973  0.000000000000000
  0.006608647071972 -0.018504378747064 -0.075548533189339  0.192825789551220
  0.000000000000000 -0.047147839303963 -0.006716202630368  0.047147839303963
  0.001239995231455  0.011836498154351 -0.197037185812031 -0.191032781036739
  0.000000000000000  0.020476885587691 -0.056455708501876  0.112903378779074
  0.248059288243500  0.000000000000000  0.051185559301578  0.146076360027887
  0.157346569308533 -0.001239995231455 -0.011836498154351 -0.197037185812031
 -0.191032781036739  0.000000000000000 -0.146076360027887 -0.020476885587691
  0.056455708501876  0.112903378779074  0.248059288243500  0.000000000000000
 -0.051185559301578 -0.157346569308533 -0.017334748659342  0.062741734030813
 -0.095909645400755 -0.227352892840677  0.000000000000000  0.006716202630368
   27 Orbital Energy    -0.347304 Occupation  1.000000 Symmetry Ag      
  0.025158052886504 -0.090543801762043  0.087395373763671  0.000614034986424
  0.000000000000000 -0.007544694727629  0.025360288522912 -0.065491147785798
  0.139603227444052  0.000000000000000  0.005280678963161 -0.026863877443989
  0.130672813784792 -0.132027140820434  0.000000000000000  0.025158052886504
 -0.090543801762043 -0.087395373763671 -0.000614034986424  0.000000000000000
 -0.007544694727629  0.025360288522912  0.065491147785798 -0.139603227444052
  0.000000000000000  0.005881363557819 -0.155838070381425  0.005881363557819
 -0.017032925853698  0.071797514787172 -0.205549277502828 -0.093147331395932
  0.000000000000000  0.010437754367636 -0.026762354949206  0.296683745220950
 -0.041657822609007  0.000000000000000  0.268141469799349  0.199713935799097
 -0.143732849817652 -0.017032925853698  0.071797514787172  0.205549277502828
  0.093147331395932  0.000000000000000  0.199713935799097  0.010437754367636
 -0.026762354949206 -0.296683745220950  0.041657822609007  0.000000000000000
  0.268141469799349 -0.143732849817652  0.005280678963161 -0.026863877443989
 -0.130672813784792  0.132027140820434  0.000000000000000 -0.155838070381425
   28 Orbital Energy    -0.324473 Occupation  1.000000 Symmetry Au      
  0.000000000000000  0.000000000000000  0.000000000000000  0.000000000000000
  0.337556474435371  0.000000000000000  0.000000000000000  0.000000000000000
  0.000000000000000  0.297241824749100  0.000000000000000  0.000000000000000
  0.000000000000000  0.000000000000000  0.297882419725310  0.000000000000000
  0.000000000000000  0.000000000000000  0.000000000000000  0.337556474435371
  0.000000000000000  0.000000000000000  0.000000000000000  0.000000000000000
  0.297241824749100  0.000000000000000  0.000000000000000  0.000000000000000
  0.000000000000000  0.000000000000000  0.000000000000000  0.000000000000000
  0.173979866213823  0.000000000000000  0.000000000000000  0.000000000000000
  0.000000000000000  0.092406761663350  0.000000000000000  0.000000000000000
  0.000000000000000  0.000000000000000  0.000000000000000  0.000000000000000
  0.000000000000000  0.173979866213823  0.000000000000000  0.000000000000000
  0.000000000000000  0.000000000000000  0.000000000000000  0.092406761663350
  0.000000000000000  0.000000000000000  0.000000000000000  0.000000000000000
  0.000000000000000  0.000000000000000  0.297882419725310  0.000000000000000
   29 Orbital Energy    -0.311241 Occupation  1.000000 Symmetry Bu      
  0.010613891217422 -0.046113134031957 -0.097396781698186  0.240101456116867
  0.000000000000000 -0.013735733177280  0.047182816390187  0.143116064006175
 -0.005816568630748  0.000000000000000  0.007069111657298 -0.021904967352195
 -0.067004233614529  0.039784289687557  0.000000000000000 -0.010613891217422
  0.046113134031957 -0.097396781698186  0.240101456116867  0.000000000000000
  0.013735733177280 -0.047182816390187  0.143116064006175 -0.005816568630748
  0.000000000000000 -0.052611166002123  0.047481805234365  0.052611166002123
 -0.002545082550175  0.005930303223960  0.220834997477989 -0.164405556367083
  0.000000000000000 -0.003427886422543  0.014186117233168 -0.202546697547273
  0.132903834729078  0.000000000000000 -0.230716196707321 -0.258685674580508
  0.213151203480044  0.002545082550175 -0.005930303223960  0.220834997477989
 -0.164405556367083  0.000000000000000  0.258685674580508  0.003427886422543
 -0.014186117233168 -0.202546697547273  0.132903834729078  0.000000000000000
  0.230716196707321 -0.213151203480044 -0.007069111657298  0.021904967352195
 -0.067004233614529  0.039784289687557  0.000000000000000 -0.047481805234365
   30 Orbital Energy    -0.292752 Occupation  1.000000 Symmetry Ag      
 -0.003586925206983  0.023471908273614 -0.118659549754278 -0.273128785187402
  0.000000000000000 -0.008569298740153  0.023566429330243  0.070587859857268
  0.237506966945107  0.000000000000000  0.002265839439653 -0.007338861069411
 -0.122116174247769 -0.281705555549988  0.000000000000000 -0.003586925206983
  0.023471908273614  0.118659549754278  0.273128785187402  0.000000000000000
 -0.008569298740153  0.023566429330243 -0.070587859857268 -0.237506966945107
  0.000000000000000 -0.237701707131014  0.016206510129539 -0.237701707131014
 -0.019919606530174  0.082811907189712  0.053236074662284 -0.248385197828317
  0.000000000000000  0.008279463238936 -0.021168833472422  0.020121862497388
  0.146600909621583  0.000000000000000 -0.055793552365243 -0.070704915742352
  0.137898807081214 -0.019919606530174  0.082811907189712 -0.053236074662284
  0.248385197828317  0.000000000000000 -0.070704915742352  0.008279463238936
 -0.021168833472422 -0.020121862497388 -0.146600909621583  0.000000000000000
 -0.055793552365243  0.137898807081214  0.002265839439653 -0.007338861069411
  0.122116174247769  0.281705555549988  0.000000000000000  0.016206510129539
   31 Orbital Energy    -0.287429 Occupation  1.000000 Symmetry Ag      
  0.007091909656227 -0.034155652424096 -0.300734901476775  0.082210384634002
  0.000000000000000 -0.007976669568368  0.023014634972120  0.283704636810500
 -0.085819310664034  0.000000000000000  0.011961819666305 -0.035389093607373
 -0.226238068447553  0.038373990020473  0.000000000000000  0.007091909656227
 -0.034155652424096  0.300734901476775 -0.082210384634002  0.000000000000000
 -0.007976669568368  0.023014634972120 -0.283704636810500  0.085819310664034
  0.000000000000000 -0.156216811585192  0.259043148220759 -0.156216811585192
  0.010717225681696 -0.036795021151178 -0.137973576497804  0.104388937803023
  0.000000000000000  0.004805330280954 -0.018716424513755  0.109850029410516
 -0.032388305277481  0.000000000000000  0.114058003244389  0.180839148901224
 -0.087145112994953  0.010717225681696 -0.036795021151178  0.137973576497804
 -0.104388937803023  0.000000000000000  0.180839148901224  0.004805330280954
 -0.018716424513755 -0.109850029410516  0.032388305277481  0.000000000000000
  0.114058003244389 -0.087145112994953  0.011961819666305 -0.035389093607373
  0.226238068447553 -0.038373990020473  0.000000000000000  0.259043148220759
   32 Orbital Energy    -0.263515 Occupation  1.000000 Symmetry Bg      
  0.000000000000000  0.000000000000000  0.000000000000000  0.000000000000000
  0.349022931617193  0.000000000000000  0.000000000000000  0.000000000000000
  0.000000000000000  0.132853795945886  0.000000000000000  0.000000000000000
  0.000000000000000  0.000000000000000 -0.130826154651545  0.000000000000000
  0.000000000000000  0.000000000000000  0.000000000000000 -0.349022931617193
  0.000000000000000  0.000000000000000  0.000000000000000  0.000000000000000
 -0.132853795945886  0.000000000000000  0.000000000000000  0.000000000000000
  0.000000000000000  0.000000000000000  0.000000000000000  0.000000000000000
 -0.376513098590000  0.000000000000000  0.000000000000000  0.000000000000000
  0.000000000000000 -0.271256243169805  0.000000000000000  0.000000000000000
  0.000000000000000  0.000000000000000  0.000000000000000  0.000000000000000
  0.000000000000000  0.376513098590000  0.000000000000000  0.000000000000000
  0.000000000000000  0.000000000000000  0.000000000000000  0.271256243169805
  0.000000000000000  0.000000000000000  0.000000000000000  0.000000000000000
  0.000000000000000  0.000000000000000  0.130826154651545  0.000000000000000
   33 Orbital Energy    -0.212452 Occupation  1.000000 Symmetry Au      
  0.000000000000000  0.000000000000000  0.000000000000000  0.000000000000000
  0.017894719867024  0.000000000000000  0.000000000000000  0.000000000000000
  0.000000000000000  0.176719768266754  0.000000000000000  0.000000000000000
  0.000000000000000  0.000000000000000  0.179177613039745  0.000000000000000
  0.000000000000000  0.000000000000000  0.000000000000000  0.017894719867024
  0.000000000000000  0.000000000000000  0.000000000000000  0.000000000000000
  0.176719768266754  0.000000000000000  0.000000000000000  0.000000000000000
  0.000000000000000  0.000000000000000  0.000000000000000  0.000000000000000
 -0.413868640597674  0.000000000000000  0.000000000000000  0.000000000000000
  0.000000000000000 -0.417823505497327  0.000000000000000  0.000000000000000
  0.000000000000000  0.000000000000000  0.000000000000000  0.000000000000000
  0.000000000000000 -0.413868640597674  0.000000000000000  0.000000000000000
  0.000000000000000  0.000000000000000  0.000000000000000 -0.417823505497327
  0.000000000000000  0.000000000000000  0.000000000000000  0.000000000000000
  0.000000000000000  0.000000000000000  0.179177613039745  0.000000000000000
   34 Orbital Energy    -0.195023 Occupation  1.000000 Symmetry Bg      
  0.000000000000000  0.000000000000000  0.000000000000000  0.000000000000000
 -0.004797752180299  0.000000000000000  0.000000000000000  0.000000000000000
  0.000000000000000  0.458153744463513  0.000000000000000  0.000000000000000
  0.000000000000000  0.000000000000000  0.463106625502240  0.000000000000000
  0.000000000000000  0.000000000000000  0.000000000000000  0.004797752180299
  0.000000000000000  0.000000000000000  0.000000000000000  0.000000000000000
 -0.458153744463513  0.000000000000000  0.000000000000000  0.000000000000000
  0.000000000000000  0.000000000000000  0.000000000000000  0.000000000000000
  0.002074207931894  0.000000000000000  0.000000000000000  0.000000000000000
  0.000000000000000 -0.007530402131946  0.000000000000000  0.000000000000000
  0.000000000000000  0.000000000000000  0.000000000000000  0.000000000000000
  0.000000000000000 -0.002074207931894  0.000000000000000  0.000000000000000
  0.000000000000000  0.000000000000000  0.000000000000000  0.007530402131946
  0.000000000000000  0.000000000000000  0.000000000000000  0.000000000000000
  0.000000000000000  0.000000000000000 -0.463106625502240  0.000000000000000
   35 Orbital Energy    -0.153081 Occupation  1.000000 Symmetry Bg      
  0.000000000000000  0.000000000000000  0.000000000000000  0.000000000000000
  0.387498338160194  0.000000000000000  0.000000000000000  0.000000000000000
  0.000000000000000  0.228753713323010  0.000000000000000  0.000000000000000
  0.000000000000000  0.000000000000000 -0.216963500817877  0.000000000000000
  0.000000000000000  0.000000000000000  0.000000000000000 -0.387498338160194
  0.000000000000000  0.000000000000000  0.000000000000000  0.000000000000000
 -0.228753713323010  0.000000000000000  0.000000000000000  0.000000000000000
  0.000000000000000  0.000000000000000  0.000000000000000  0.000000000000000
  0.223772236697743  0.000000000000000  0.000000000000000  0.000000000000000
  0.000000000000000  0.397434538170197  0.000000000000000  0.000000000000000
  0.000000000000000  0.000000000000000  0.000000000000000  0.000000000000000
  0.000000000000000 -0.223772236697743  0.000000000000000  0.000000000000000
  0.000000000000000  0.000000000000000  0.000000000000000 -0.397434538170197
  0.000000000000000  0.000000000000000  0.000000000000000  0.000000000000000
  0.000000000000000  0.000000000000000  0.216963500817877  0.000000000000000
   36 Orbital Energy     0.037425 Occupation  0.000000 Symmetry Au      
  0.000000000000000  0.000000000000000  0.000000000000000  0.000000000000000
  0.442328141747916  0.000000000000000  0.000000000000000  0.000000000000000
  0.000000000000000 -0.276522469770733  0.000000000000000  0.000000000000000
  0.000000000000000  0.000000000000000 -0.232846323286190  0.000000000000000
  0.000000000000000  0.000000000000000  0.000000000000000  0.442328141747916
  0.000000000000000  0.000000000000000  0.000000000000000  0.000000000000000
 -0.276522469770733  0.000000000000000  0.000000000000000  0.000000000000000
  0.000000000000000  0.000000000000000  0.000000000000000  0.000000000000000
  0.256416708674194  0.000000000000000  0.000000000000000  0.000000000000000
  0.000000000000000 -0.450072009778458  0.000000000000000  0.000000000000000
  0.000000000000000  0.000000000000000  0.000000000000000  0.000000000000000
  0.000000000000000  0.256416708674194  0.000000000000000  0.000000000000000
  0.000000000000000  0.000000000000000  0.000000000000000 -0.450072009778458
  0.000000000000000  0.000000000000000  0.000000000000000  0.000000000000000
  0.000000000000000  0.000000000000000 -0.232846323286190  0.000000000000000
   37 Orbital Energy     0.090392 Occupation  0.000000 Symmetry Au      
  0.000000000000000  0.000000000000000  0.000000000000000  0.000000000000000
  0.031527966120236  0.000000000000000  0.000000000000000  0.000000000000000
  0.000000000000000  0.553526612725578  0.000000000000000  0.000000000000000
  0.000000000000000  0.000000000000000 -0.582588375929154  0.000000000000000
  0.000000000000000  0.000000000000000  0.000000000000000  0.031527966120236
  0.000000000000000  0.000000000000000  0.000000000000000  0.000000000000000
  0.553526612725578  0.000000000000000  0.000000000000000  0.000000000000000
  0.000000000000000  0.000000000000000  0.000000000000000  0.000000000000000
 -0.004603318781450  0.000000000000000  0.000000000000000  0.000000000000000
  0.000000000000000 -0.009759784162688  0.000000000000000  0.000000000000000
  0.000000000000000  0.000000000000000  0.000000000000000  0.000000000000000
  0.000000000000000 -0.004603318781450  0.000000000000000  0.000000000000000
  0.000000000000000  0.000000000000000  0.000000000000000 -0.009759784162688
  0.000000000000000  0.000000000000000  0.000000000000000  0.000000000000000
  0.000000000000000  0.000000000000000 -0.582588375929154  0.000000000000000
   38 Orbital Energy     0.110609 Occupation  0.000000 Symmetry Bg      
  0.000000000000000  0.000000000000000  0.000000000000000  0.000000000000000
  0.023131801109534  0.000000000000000  0.000000000000000  0.000000000000000
  0.000000000000000 -0.231983794463323  0.000000000000000  0.000000000000000
  0.000000000000000  0.000000000000000  0.240520376149015  0.000000000000000
  0.000000000000000  0.000000000000000  0.000000000000000 -0.023131801109534
  0.000000000000000  0.000000000000000  0.000000000000000  0.000000000000000
  0.231983794463323  0.000000000000000  0.000000000000000  0.000000000000000
  0.000000000000000  0.000000000000000  0.000000000000000  0.000000000000000
 -0.522220183058465  0.000000000000000  0.000000000000000  0.000000000000000
  0.000000000000000  0.523240354525266  0.000000000000000  0.000000000000000
  0.000000000000000  0.000000000000000  0.000000000000000  0.000000000000000
  0.000000000000000  0.522220183058465  0.000000000000000  0.000000000000000
  0.000000000000000  0.000000000000000  0.000000000000000 -0.523240354525266
  0.000000000000000  0.000000000000000  0.000000000000000  0.000000000000000
  0.000000000000000  0.000000000000000 -0.240520376149015  0.000000000000000
   39 Orbital Energy     0.182234 Occupation  0.000000 Symmetry Au      
  0.000000000000000  0.000000000000000  0.000000000000000  0.000000000000000
  0.497656951509097  0.000000000000000  0.000000000000000  0.000000000000000
  0.000000000000000 -0.199898653110114  0.000000000000000  0.000000000000000
  0.000000000000000  0.000000000000000 -0.166373928212614  0.000000000000000
  0.000000000000000  0.000000000000000  0.000000000000000  0.497656951509097
  0.000000000000000  0.000000000000000  0.000000000000000  0.000000000000000
 -0.199898653110114  0.000000000000000  0.000000000000000  0.000000000000000
  0.000000000000000  0.000000000000000  0.000000000000000  0.000000000000000
 -0.528925420349094  0.000000000000000  0.000000000000000  0.000000000000000
  0.000000000000000  0.379333830354991  0.000000000000000  0.000000000000000
  0.000000000000000  0.000000000000000  0.000000000000000  0.000000000000000
  0.000000000000000 -0.528925420349094  0.000000000000000  0.000000000000000
  0.000000000000000  0.000000000000000  0.000000000000000  0.379333830354991
  0.000000000000000  0.000000000000000  0.000000000000000  0.000000000000000
  0.000000000000000  0.000000000000000 -0.166373928212614  0.000000000000000
   40 Orbital Energy     0.272568 Occupation  0.000000 Symmetry Bg      
  0.000000000000000  0.000000000000000  0.000000000000000  0.000000000000000
  0.543537574217761  0.000000000000000  0.000000000000000  0.000000000000000
  0.000000000000000 -0.467276126978372  0.000000000000000  0.000000000000000
  0.000000000000000  0.000000000000000  0.464179037817463  0.000000000000000
  0.000000000000000  0.000000000000000  0.000000000000000 -0.543537574217761
  0.000000000000000  0.000000000000000  0.000000000000000  0.000000000000000
  0.467276126978372  0.000000000000000  0.000000000000000  0.000000000000000
  0.000000000000000  0.000000000000000  0.000000000000000  0.000000000000000
  0.287533420043451  0.000000000000000  0.000000000000000  0.000000000000000
  0.000000000000000 -0.155880680316541  0.000000000000000  0.000000000000000
  0.000000000000000  0.000000000000000  0.000000000000000  0.000000000000000
  0.000000000000000 -0.287533420043451  0.000000000000000  0.000000000000000
  0.000000000000000  0.000000000000000  0.000000000000000  0.155880680316541
  0.000000000000000  0.000000000000000  0.000000000000000  0.000000000000000
  0.000000000000000  0.000000000000000 -0.464179037817463  0.000000000000000
   41 Orbital Energy     0.332252 Occupation  0.000000 Symmetry Ag      
  0.068249170485260 -0.401757464023744 -0.095338065103094  0.269979075864702
  0.000000000000000  0.046385810954100 -0.280140092080098  0.199248743695627
  0.128231582605562  0.000000000000000  0.028027561591433 -0.172595332374831
  0.306481827197900 -0.044769828775465  0.000000000000000  0.068249170485260
 -0.401757464023744  0.095338065103094 -0.269979075864702  0.000000000000000
  0.046385810954100 -0.280140092080098 -0.199248743695627 -0.128231582605562
  0.000000000000000  0.423005296778173  0.413269777387369  0.423005296778173
 -0.049165843552576  0.277168880219650  0.255336751834661 -0.332725500836562
  0.000000000000000  0.039806188636938 -0.230440653025265  0.145395380662129
 -0.145009704938007  0.000000000000000 -0.113644445963551  0.149267171331992
  0.356709199829772 -0.049165843552576  0.277168880219650 -0.255336751834661
  0.332725500836562  0.000000000000000  0.149267171331992  0.039806188636938
 -0.230440653025265 -0.145395380662129  0.145009704938007  0.000000000000000
 -0.113644445963551  0.356709199829772  0.028027561591433 -0.172595332374831
 -0.306481827197900  0.044769828775465  0.000000000000000  0.413269777387369
   42 Orbital Energy     0.340747 Occupation  0.000000 Symmetry Bu      
  0.034480351753632 -0.202442316526668 -0.287298017057112  0.129569624003680
  0.000000000000000 -0.015880538733687  0.096412515350959 -0.282402251880580
  0.000394897558549  0.000000000000000  0.006311505668330 -0.030841613913914
 -0.355462355099725  0.001197285317773  0.000000000000000 -0.034480351753632
  0.202442316526668 -0.287298017057112  0.129569624003680  0.000000000000000
  0.015880538733687 -0.096412515350959 -0.282402251880580  0.000394897558549
  0.000000000000000 -0.268292532809594 -0.319599153099595  0.268292532809594
 -0.007677271215685  0.047115193252044 -0.350400809748587  0.210456077904164
  0.000000000000000 -0.002524567949254  0.019097559814758 -0.307226287279357
  0.160420545813449  0.000000000000000  0.324190983521757 -0.434696724476040
 -0.286139971710381  0.007677271215685 -0.047115193252044 -0.350400809748587
  0.210456077904164  0.000000000000000  0.434696724476040  0.002524567949254
 -0.019097559814758 -0.307226287279357  0.160420545813449  0.000000000000000
 -0.324190983521757  0.286139971710381 -0.006311505668330  0.030841613913914
 -0.355462355099725  0.001197285317773  0.000000000000000  0.319599153099595
   43 Orbital Energy     0.379398 Occupation  0.000000 Symmetry Bu      
 -0.057653520365934  0.334504678317039 -0.087662094370456 -0.462445201278515
  0.000000000000000  0.004284550119904 -0.018516822100901 -0.262385132092543
 -0.330063537947289  0.000000000000000 -0.024976207767019  0.152119454456973
 -0.129106168406149 -0.233829290285564  0.000000000000000  0.057653520365934
 -0.334504678317039 -0.087662094370456 -0.462445201278515  0.000000000000000
 -0.004284550119904  0.018516822100901 -0.262385132092543 -0.330063537947289
  0.000000000000000 -0.412203877123427 -0.118711544931788  0.412203877123427
 -0.092690749553972  0.541639649924318  0.066759336108687 -0.330579455908403
  0.000000000000000  0.049812108173953 -0.291020900929126  0.105651771263170
 -0.138033634027792  0.000000000000000 -0.013856526599290 -0.156809291668163
  0.347239997644719  0.092690749553972 -0.541639649924318  0.066759336108687
 -0.330579455908403  0.000000000000000  0.156809291668163 -0.049812108173953
  0.291020900929126  0.105651771263170 -0.138033634027792  0.000000000000000
  0.013856526599290 -0.347239997644719  0.024976207767019 -0.152119454456973
 -0.129106168406149 -0.233829290285564  0.000000000000000  0.118711544931788
   44 Orbital Energy     0.381463 Occupation  0.000000 Symmetry Ag      
 -0.023222642265640  0.140021139220521  0.098637139816984  0.078301350383847
  0.000000000000000  0.021298978289579 -0.135690916668554  0.170311310625725
  0.213283510291771  0.000000000000000  0.064406788625803 -0.393347496595620
  0.006832251939264 -0.125696180645973  0.000000000000000 -0.023222642265640
  0.140021139220521 -0.098637139816984 -0.078301350383847  0.000000000000000
  0.021298978289579 -0.135690916668554 -0.170311310625725 -0.213283510291771
  0.000000000000000  0.301253893156051  0.293669845546066  0.301253893156051
 -0.063506101640683  0.381896154957703 -0.335138751064674  0.064895578196708
  0.000000000000000  0.021193839584578 -0.118696355880104 -0.310462310653616
  0.229156117318943  0.000000000000000  0.395079394716447 -0.575361019932347
 -0.248205330823283 -0.063506101640683  0.381896154957703  0.335138751064674
 -0.064895578196708  0.000000000000000 -0.575361019932347  0.021193839584578
 -0.118696355880104  0.310462310653616 -0.229156117318943  0.000000000000000
  0.395079394716447 -0.248205330823283  0.064406788625803 -0.393347496595620
 -0.006832251939264  0.125696180645973  0.000000000000000  0.293669845546066
   45 Orbital Energy     0.410959 Occupation  0.000000 Symmetry Ag      
  0.051158953410097 -0.308946279507663  0.258204232894960  0.161188590429410
  0.000000000000000 -0.100905159736333  0.616651394477727  0.039228892670758
  0.015365556798139  0.000000000000000  0.073818412915996 -0.451596585152168
  0.041970331940494  0.161359623077333  0.000000000000000  0.051158953410097
 -0.308946279507663 -0.258204232894960 -0.161188590429410  0.000000000000000
 -0.100905159736333  0.616651394477727 -0.039228892670758 -0.015365556798139
  0.000000000000000 -0.219774657607694  0.230033052781221 -0.219774657607694
 -0.024018456841769  0.153089637972929 -0.136791472640486 -0.236193218548792
  0.000000000000000 -0.104157796626602  0.652142258044918  0.231086217059727
  0.085504305485939  0.000000000000000 -0.511393519202136 -0.171798663025960
 -0.326710699338810 -0.024018456841769  0.153089637972929  0.136791472640486
  0.236193218548792  0.000000000000000 -0.171798663025960 -0.104157796626602
  0.652142258044918 -0.231086217059727 -0.085504305485939  0.000000000000000
 -0.511393519202136 -0.326710699338810  0.073818412915996 -0.451596585152168
 -0.041970331940494 -0.161359623077333  0.000000000000000  0.230033052781221
&
