           1           2   1.3891182340855521     
           2           3   1.4577261819422942     
           3           4   1.3895843333413893     
           2           5  0.10190858659703854     
           4           5   1.3891182340855499     
           1           6   1.3895843333413875     
           3           6  0.10571371154562022     
           5           6   1.4577261819422951     
           2           7  0.96789950275460945     
           3           8  0.95929264616170229     
           5           9  0.96789950275460868     
           6          10  0.95929264616170329     
           4          11   1.0418965962329134     
          11          12   1.9389632246779231     
          11          13  0.96624978533099759     
          12          14  0.97446789662142874     
          12          15  0.96503463810871348     
           1          16   1.0418965962329123     
          16          17   1.9389632246779207     
          16          18  0.96624978533099459     
          17          19  0.97446789662142774     
          17          20  0.96503463810871315     
