$grad          cartesian gradients
  cycle =      1    SCF energy =     -382.0499050173   |dE/dxyz| =  0.026501
   -2.69176368696337     -0.00007558904500     -0.44712809843473      c
   -1.69852363566674     -0.00007558904500      2.06488483951925      c
    0.92683507526436     -0.00007558904500      2.49591247136903      c
    2.69176368696337     -0.00007558904500      0.44712809843473      c
    1.69852363566674     -0.00007558904500     -2.06488483951925      c
   -3.00422990173106     -0.00011338356750      3.69235477288622      h
    1.65163953050565     -0.00009448630625      4.45457580540239      h
    3.00422990173106     -0.00011338356750     -3.69235477288622      h
    5.46170534371772     -0.00013228082875      1.01478292912156      c
    7.37289875749124      0.00034015070250     -0.68855950816391      c
    7.04372736377861      0.00092596580125     -2.74543190891319      h
    5.92882674455489     -0.00066140414375      3.05381631525089      h
    9.36353625755949      0.00017007535125     -0.07445520932475      h
   -5.46170534371772     -0.00013228082875     -1.01478292912156      c
   -5.92882674455489     -0.00066140414375     -3.05381631525089      h
   -7.37289875749124      0.00034015070250      0.68855950816391      c
   -7.04372736377861      0.00092596580125      2.74543190891319      h
   -9.36353625755949      0.00017007535125      0.07445520932475      h
   -0.92683507526436     -0.00007558904500     -2.49591247136903      c
   -1.65163953050565     -0.00009448630625     -4.45457580540239      h
  -.74889023785355D-02  -.12737410222872D-05  -.11187413740632D-02
  -.29234556508317D-03  -.35256801292770D-06  0.19778094807996D-02
  -.42289308193791D-03  0.81738907220404D-06  0.21310720709406D-02
  0.74889023784006D-02  -.12737414132458D-05  0.11187413724799D-02
  0.29234556454710D-03  -.35256816243689D-06  -.19778094794728D-02
  -.31221350513908D-02  -.34817383301580D-06  0.37654036484205D-02
  0.17136793280137D-02  0.72797111731868D-07  0.45399371019780D-02
  0.31221350509894D-02  -.34817388959999D-06  -.37654036485734D-02
  -.10047184844293D-01  0.17347760346638D-05  0.34187980998521D-02
  0.57136831493036D-02  0.78114723436017D-06  -.49218922796934D-02
  -.75400170533309D-03  0.23686085541456D-05  -.46785210296748D-02
  0.95553598019411D-03  -.22588285240415D-05  0.47709493356687D-02
  0.44904251733494D-02  -.15430168206792D-05  0.13507798909644D-02
  0.10047184845332D-01  0.17347759279484D-05  -.34187980993411D-02
  -.95553597988536D-03  -.22588285480461D-05  -.47709493363401D-02
  -.57136831485804D-02  0.78114719424447D-06  0.49218922786305D-02
  0.75400170392724D-03  0.23686087261489D-05  0.46785210305088D-02
  -.44904251739316D-02  -.15430169257484D-05  -.13507798909839D-02
  0.42289308190696D-03  0.81738908005434D-06  -.21310720708622D-02
  -.17136793285249D-02  0.72797440890226D-07  -.45399371008746D-02
  cycle =      2    SCF energy =     -382.0507192908   |dE/dxyz| =  0.004702
   -2.67882485381884     -0.00016781228657     -0.44502669887241      c
   -1.69097749902913     -0.00022730636083      2.05455051990360      c
    0.92368200327374     -0.00025904631079      2.48369805082247      c
    2.67882485380815     -0.00016781223956      0.44502669883853      c
    1.69097749902313     -0.00022730633134     -2.05455051994262      c
   -2.98895037687049     -0.00026070802755      3.67296187830827      h
    1.64454334466727     -0.00038669686433      4.43117778179087      h
    2.98895037686804     -0.00026070793464     -3.67296187834447      h
    5.44818288536456      0.00005406862004      1.01150201418786      c
    7.34386973511082      0.00038733021621     -0.68273883645224      c
    7.01381340182557      0.00050037160816     -2.72787167713731      h
    5.91521147596681     -0.00001902148217      3.03827657045596      h
    9.32443909957114      0.00058669072417     -0.07448567041182      h
   -5.44818288538380      0.00005406862945     -1.01150201418840      c
   -5.91521147602709     -0.00001902141728     -3.03827657044556      h
   -7.34386973508713      0.00038733022330      0.68273883649896      c
   -7.01381340174035      0.00050037155044      2.72787167717267      h
   -9.32443909956300      0.00058669079337      0.07448567051271      h
   -0.92368200328397     -0.00025904635967     -2.48369805086281      c
   -1.64454334467542     -0.00038669700288     -4.43117778183425      h
  -.20591407322068D-02  -.97978131347157D-06  -.17078696086020D-03
  0.59910387660136D-03  0.62226736064082D-06  0.53732158136699D-03
  -.61114109579280D-03  0.16757168735603D-05  0.33565761010329D-03
  0.20591407301906D-02  -.97978156035356D-06  0.17078696366619D-03
  -.59910387577922D-03  0.62226802009639D-06  -.53732158152855D-03
  -.96559494110970D-04  -.45373065140689D-06  -.30706023393667D-04
  0.93458828837614D-04  -.30288616125254D-05  0.16128453568076D-04
  0.96559493746540D-04  -.45372870064237D-06  0.30706022871752D-04
  -.20050281894013D-02  0.16401221018447D-05  0.47321771186504D-03
  0.92048283044754D-03  -.25858372965570D-06  -.64866723246632D-03
  -.18671880021472D-03  0.41236739262141D-07  -.89527140359758D-05
  0.23288187396771D-03  0.20742648183065D-06  -.33671535341562D-04
  -.31672487152690D-04  0.52665897412433D-06  0.17065113597813D-03
  0.20050281886889D-02  0.16401243004414D-05  -.47321771288435D-03
  -.23288187355457D-03  0.20742664533390D-06  0.33671536084079D-04
  -.92048283067975D-03  -.25858413169456D-06  0.64866723355761D-03
  0.18671880038740D-03  0.41236465480384D-07  0.89527135039846D-05
  0.31672487547707D-04  0.52665912575402D-06  -.17065113582830D-03
  0.61114109489266D-03  0.16757162766287D-05  -.33565760991255D-03
  -.93458828470130D-04  -.30288637148313D-05  -.16128454161601D-04
  cycle =      3    SCF energy =     -382.0507278590   |dE/dxyz| =  0.001574
   -2.67718820370477      0.00066815411335     -0.44513728905528      c
   -1.69119577637549      0.00098626940527      2.05374201158700      c
    0.92335722271158      0.00115530216735      2.48326897050577      c
    2.67718820369901      0.00066815388556      0.44513728902088      c
    1.69119577637255      0.00098626916665     -2.05374201162430      c
   -2.98915021242354      0.00113656353004      3.67194566348715      h
    1.64376478640396      0.00195645387050      4.43070109347221      h
    2.98915021242563      0.00113656277049     -3.67194566351894      h
    5.44923290649259     -0.00058812544842      1.01145470651319      c
    7.34335101298710     -0.00118829145297     -0.68250385800460      c
    7.01348467321092     -0.00081685811408     -2.72749704467501      h
    5.91538696115440     -0.00099970913175      3.03829057115958      h
    9.32421834755374     -0.00210188865330     -0.07566576199308      h
   -5.44923290650958     -0.00058812550253     -1.01145470651185      c
   -5.91538696121353     -0.00099970937728     -3.03829057114873      h
   -7.34335101296725     -0.00118829154921      0.68250385804780      c
   -7.01348467313888     -0.00081685803046      2.72749704471004      h
   -9.32421834754878     -0.00210188896900      0.07566576208394      h
   -0.92335722271776      0.00115530239567     -2.48326897054471      c
   -1.64376478641185      0.00195645467167     -4.43070109351106      h
  -.60403701274409D-03  0.14264660077275D-04  0.36109309171251D-04
  0.37116969597804D-03  -.41802250950451D-05  0.10964885751974D-03
  -.35126430433344D-03  -.13118103507460D-04  0.17592994849408D-05
  0.60403701334455D-03  0.14264668549142D-04  -.36109309549670D-04
  -.37116969342643D-03  -.41802321395640D-05  -.10964885876730D-03
  -.35312026313156D-04  0.23626566180298D-05  -.59237483284347D-04
  0.45708361471802D-04  0.20520625519374D-04  -.46613742515522D-04
  0.35312026889084D-04  0.23626400412052D-05  0.59237484538427D-04
  -.62177186758214D-03  -.21933841835772D-04  0.85885996330512D-04
  0.31938284604460D-03  0.14592277939570D-05  -.14192052686851D-03
  -.11882507709710D-03  -.71965912782745D-06  0.58234840402571D-04
  0.17851913966131D-03  -.37422584700715D-06  -.82587795152911D-04
  -.78573972677104D-04  0.17233164039620D-05  0.10336128561192D-03
  0.62177186590129D-03  -.21933857127783D-04  -.85885996264690D-04
  -.17851913876268D-03  -.37422619566119D-06  0.82587795496303D-04
  -.31938284530583D-03  0.14592277815442D-05  0.14192052773143D-03
  0.11882507762516D-03  -.71965965244664D-06  -.58234840424748D-04
  0.78573973253393D-04  0.17233175318670D-05  -.10336128548466D-03
  0.35126430395692D-03  -.13118098073337D-04  -.17593006225378D-05
  -.45708360992408D-04  0.20520644181666D-04  0.46613741276708D-04
  cycle =      4    SCF energy =     -382.0507283372   |dE/dxyz| =  0.000502
   -2.67635096805196     -0.00310724754301     -0.44541252323856      c
   -1.69156381398984     -0.00451757558350      2.05342813125312      c
    0.92314802558454     -0.00536950320630      2.48342077865759      c
    2.67635096805165     -0.00310724606592      0.44541252323417      c
    1.69156381398596     -0.00451757383937     -2.05342813125617      c
   -2.98958246735806     -0.00509729456765      3.67155292357730      h
    1.64313324042009     -0.00917797494213      4.43098318494094      h
    2.98958246735381     -0.00509728903561     -3.67155292358277      h
    5.44974974142486      0.00258372157602      1.01162674231623      c
    7.34302054404451      0.00598210350670     -0.68254484028803      c
    7.01325114763257      0.00491911026946     -2.72756948771416      h
    5.91499982167206      0.00405091713613      3.03868933626737      h
    9.32427730526549      0.00994160981756     -0.07688427558429      h
   -5.44974974142504      0.00258372173093     -1.01162674231832      c
   -5.91499982168254      0.00405091798263     -3.03868933626845      h
   -7.34302054404066      0.00598210435698      0.68254484028900      c
   -7.01325114762076      0.00491911059350      2.72756948771406      h
   -9.32427730526237      0.00994161175976      0.07688427559105      h
   -0.92314802558462     -0.00536950446673     -2.48342077865769      c
   -1.64313324041964     -0.00917797973190     -4.43098318493241      h
  0.94681771742933D-04  -.66493746617439D-04  0.92305968223294D-04
  0.13514602224074D-03  0.17472396106066D-04  -.54149187514202D-04
  -.11867941362456D-03  0.62333386637954D-04  -.86762740325298D-04
  -.94681769678348D-04  -.66493805786137D-04  -.92305969739956D-04
  -.13514602422782D-03  0.17472428545770D-04  0.54149186931335D-04
  -.11989303137921D-04  -.74322086896783D-05  -.41757408237975D-04
  0.22182521581190D-04  -.97263604190446D-04  -.41079809483868D-04
  0.11989303797533D-04  -.74320958443987D-05  0.41757407262283D-04
  0.13778436316003D-04  0.91235576691539D-04  -.49129869439390D-04
  0.40704076326781D-04  0.24606748634526D-06  0.43833264244064D-04
  -.63773401885257D-04  0.51393033521000D-05  0.45563392811060D-04
  0.11155065393882D-03  0.74322789265450D-05  -.58869594177613D-04
  -.59906863230486D-04  -.12689612083439D-04  0.56358328553399D-04
  -.13778435094203D-04  0.91235673305848D-04  0.49129870185766D-04
  -.11155065479676D-03  0.74322820714018D-05  0.58869593352107D-04
  -.40704075426112D-04  0.24606564990454D-06  -.43833264420812D-04
  0.63773402225901D-04  0.51393065553101D-05  -.45563393371695D-04
  0.59906862569459D-04  -.12689622412328D-04  -.56358327938981D-04
  0.11867941435947D-03  0.62333353520629D-04  0.86762741245340D-04
  -.22182521805039D-04  -.97263722531833D-04  0.41079809876554D-04
  cycle =      5    SCF energy =     -382.0507295231   |dE/dxyz| =  0.000219
   -2.67633112328701     -0.00018310368201     -0.44561309194791      c
   -1.69179560119753     -0.00034429066552      2.05349710475176      c
    0.92310631566569     -0.00028646115677      2.48374214101183      c
    2.67633112329476     -0.00018310434264      0.44561309197210      c
    1.69179560119824     -0.00034429142764     -2.05349710472287      c
   -2.98985937914612     -0.00061106499423      3.67165530285631      h
    1.64289173058028     -0.00034043536286      4.43145343662799      h
    2.98985937914310     -0.00061106774916     -3.67165530283218      h
    5.44976791377055      0.00021574479847      1.01180285036294      c
    7.34297198036897      0.00044102532698     -0.68268312913692      c
    7.01322373280461      0.00027512846205     -2.72779747798837      h
    5.91453955402390      0.00021845921147      3.03905060973909      h
    9.32446341994489      0.00082286940969     -0.07748780525918      h
   -5.44976791375821      0.00021574460828     -1.01180285036684      c
   -5.91453955399350      0.00021845848020     -3.03905060974898      h
   -7.34297198038336      0.00044102495450      0.68268312910197      c
   -7.01322373284751      0.00027512852102      2.72779747795836      h
   -9.32446341995026      0.00082286848040      0.07748780519171      h
   -0.92310631565782     -0.00028646043140     -2.48374214097915      c
   -1.64289173057363     -0.00034043269327     -4.43145343659168      h
  0.79095399316886D-04  -.27753104417944D-05  0.46677863671851D-04
  0.24447446643872D-04  0.41267008816594D-05  -.11900789716413D-04
  -.22667107936775D-04  0.10570059211684D-05  -.18296825569752D-04
  -.79095397717333D-04  -.27752730291725D-05  -.46677865967570D-04
  -.24447448633183D-04  0.41266867449680D-05  0.11900791761804D-04
  -.16854420381796D-04  -.63279164265872D-05  -.13346976101503D-04
  0.20541483946174D-04  -.88925356367316D-06  -.10143274624952D-04
  0.16854421434370D-04  -.63279796158992D-05  0.13346974382850D-04
  -.20337735546383D-04  0.11633167731398D-04  0.20902650036542D-05
  0.52636065306769D-04  -.12219948685038D-05  -.13360241888305D-04
  -.41715931639909D-04  -.30683959092965D-05  0.55886084994738D-05
  0.71077658905183D-04  -.51629466031811D-05  -.17210580839894D-04
  -.22305921298038D-04  0.26159863358317D-05  0.41314136043406D-04
  0.20337736667320D-04  0.11633119649251D-04  -.20902648129040D-05
  -.71077659665332D-04  -.51629497913836D-05  0.17210580184168D-04
  -.52636068290784D-04  -.12219944992326D-05  0.13360241074012D-04
  0.41715931940550D-04  -.30683983097504D-05  -.55886087297896D-05
  0.22305918756627D-04  0.26159924532808D-05  -.41314136239964D-04
  0.22667108826480D-04  0.10570244462623D-05  0.18296827342834D-04
  -.20541484468284D-04  -.88918919472649D-06  0.10143275699565D-04
  cycle =      6    SCF energy =     -382.0507295676   |dE/dxyz| =  0.000185
   -2.67642286424381      0.00038527796998     -0.44566112589039      c
   -1.69183504162310      0.00075591605173      2.05352357416443      c
    0.92311977253458      0.00052122921704      2.48381308900370      c
    2.67642286424491      0.00038528140768      0.44566112589851      c
    1.69183504161656      0.00075592009652     -2.05352357415432      c
   -2.98983238801665      0.00149374762706      3.67174843088014      h
    1.64279730150941      0.00038458181684      4.43158185858240      h
    2.98983238800216      0.00149376082387     -3.67174843087059      h
    5.44975417206469     -0.00039526372012      1.01184691031725      c
    7.34299179214000     -0.00071986894317     -0.68271530533475      c
    7.01332300460381     -0.00029648805084     -2.72785997302809      h
    5.91422629512709     -0.00052260839470      3.03917498747826      h
    9.32456490822245     -0.00139866158379     -0.07769877084777      h
   -5.44975417205833     -0.00039526324514     -1.01184691032156      c
   -5.91422629512079     -0.00052260600240     -3.03917498748360      h
   -7.34299179213657     -0.00071986698481      0.68271530532303      c
   -7.01332300460557     -0.00029648750734      2.72785997301777      h
   -9.32456490821458     -0.00139865699894      0.07769877082649      h
   -0.92311977253569      0.00052122610063     -2.48381308899233      c
   -1.64279730151053      0.00038457006746     -4.43158185856859      h
  0.11222509949109D-04  0.66705622289781D-05  0.18286230847195D-04
  0.19338164906485D-05  -.11843584720696D-04  0.13371454261751D-04
  -.57860310177099D-05  0.18747441931132D-05  0.98721504396826D-05
  -.11222507938544D-04  0.66704100178711D-05  -.18286231691242D-04
  -.19338190042628D-05  -.11843508698254D-04  -.13371456683064D-04
  -.14023996149359D-04  0.18219294275528D-04  -.61119387513575D-05
  0.17422607041323D-04  -.46266781814961D-05  -.19584772361081D-05
  0.14023996103701D-04  0.18219571001651D-04  0.61119391881470D-05
  -.65571314944154D-04  -.21360015889644D-04  0.24754542953698D-04
  0.61098427789646D-04  -.75658091800660D-07  -.42239638905761D-04
  -.28795359003492D-04  0.57410815514668D-05  -.33727922142957D-05
  0.47540862402884D-04  0.86348015175792D-05  -.65895545142969D-05
  -.91465378503630D-05  -.32075385947366D-05  0.30666478650521D-04
  0.65571315034721D-04  -.21359788250848D-04  -.24754542020139D-04
  -.47540862265980D-04  0.86348127163525D-05  0.65895537251504D-05
  -.61098428546624D-04  -.75663155194809D-07  0.42239639421460D-04
  0.28795358865200D-04  0.57410911629749D-05  0.33727925128901D-05
  0.91465386810596D-05  -.32075646205006D-05  -.30666478706462D-04
  0.57860312667329D-05  0.18746627519662D-05  -.98721489799336D-05
  -.17422606820611D-04  -.46269667869668D-05  0.19584762929459D-05
$end
