$hessapprox internal
  0.411377266093D+00  0.245285059462D-03  0.353538160553D+00 -0.788155431574D-03
  0.138020849585D-02  0.587591890935D-01  0.517958559657D-03  0.513269264674D-03
 -0.144571181727D-02  0.409729415720D+00  0.261091130303D-03 -0.577488767534D-02
  0.110526828438D-02  0.513789024193D-03  0.354478359671D+00 -0.374877829600D-03
  0.448439123351D-02  0.268927829318D-02 -0.902370381340D-03  0.403861756436D-02
  0.644427192069D-01  0.562702140746D-03  0.245284981028D-03 -0.788154740616D-03
  0.517958548236D-03  0.261091052396D-03 -0.374877525990D-03  0.411377266102D+00
  0.245285072389D-03 -0.648917083331D-02  0.138020837107D-02  0.513269285100D-03
 -0.577488772494D-02  0.448439136427D-02  0.245284993957D-03  0.353538160441D+00
 -0.788168093670D-03  0.138024112342D-02  0.149633873382D-01 -0.144573494923D-02
  0.110529582042D-02  0.268935441035D-02 -0.788167402701D-03  0.138024099863D-02
  0.587596077560D-01  0.235539188635D-03 -0.792561424433D-03 -0.530586532067D-02
  0.498519236224D-03 -0.666878801018D-03 -0.409617744652D-02  0.235538925355D-03
 -0.792561398394D-03 -0.530594576751D-02  0.284955315259D-01  0.579328116157D-03
  0.886549433871D-03 -0.143677940922D-02  0.537546367345D-03  0.839004718430D-03
 -0.834510507680D-03  0.579328113980D-03  0.886549455445D-03 -0.143680251009D-02
  0.469133981721D-03  0.414176722195D+00  0.493495296218D-03  0.155622722707D-02
 -0.205470278132D-02  0.427340650766D-03  0.144280084349D-02 -0.163993496311D-02
  0.493495278818D-03  0.155622726002D-02 -0.205473644234D-02  0.757119341336D-03
  0.423499814411D-03  0.413680139546D+00  0.527725473656D-03 -0.142592999511D-01
  0.361357388933D-02  0.110674860557D-02 -0.127012183879D-01  0.100961230495D-01
  0.527725323357D-03 -0.142593000808D-01  0.361365414422D-02 -0.195755479875D-02
  0.192263127308D-02  0.338169310484D-02  0.301869765394D+00 -0.370023677328D-03
  0.162019669244D-02  0.400614061441D-03 -0.522859465561D-03  0.146368929390D-02
 -0.148477501121D-02 -0.370023615160D-03  0.162019670415D-02  0.400615003576D-03
 -0.127979512684D-04 -0.593232732015D-03 -0.788438050065D-03  0.362588059190D-02
  0.374718117522D+00  0.492819124678D-04  0.261326898484D-04 -0.865935260659D-03
  0.777314134446D-04  0.322742326446D-04  0.539097426038D-03  0.492818780205D-04
  0.261327015564D-04 -0.865946042764D-03  0.201224720566D-03  0.827538245542D-04
  0.974566788678D-04  0.274691177068D-04 -0.662212248259D-04  0.353781427265D-01
  0.671313551496D-03  0.538108385420D-03 -0.109488424285D-02  0.646867047563D-03
  0.514986753497D-03 -0.463390657072D-03  0.671313548441D-03  0.538108400817D-03
 -0.109490142427D-02  0.336963486988D-03  0.691877203164D-03  0.576607835111D-03
  0.115025719280D-02 -0.423177314202D-03  0.687522072932D-04  0.407336070352D+00
 -0.842863290652D-03  0.191002874113D-01 -0.613313344351D-02 -0.161099457159D-02
  0.170597810257D-01 -0.141290886367D-01 -0.842863119816D-03  0.191002875986D-01
 -0.613326062426D-02  0.307798728602D-02 -0.263746833493D-02 -0.461118282988D-02
  0.419500076115D-01 -0.513947921891D-02  0.341784930080D-04 -0.157004581590D-02
  0.302057360639D+00 -0.364036424847D-03  0.918898176373D-03  0.838181828914D-02
 -0.745905935669D-03  0.750555241378D-03  0.438545978963D-02 -0.364036025213D-03
  0.918898121011D-03  0.838194137285D-02 -0.339089976555D-02 -0.712557772371D-03
 -0.110611928401D-02  0.234819512157D-02  0.153033970651D-03 -0.388706333186D-03
 -0.526370616465D-03 -0.383973380440D-02  0.482070525768D-01  0.671313572005D-03
  0.538108314653D-03 -0.109488425382D-02  0.646867075937D-03  0.514986688967D-03
 -0.463390653995D-03  0.671313568950D-03  0.538108330050D-03 -0.109490143524D-02
  0.336963494411D-03  0.691877233857D-03  0.576607874495D-03  0.115025703393D-02
 -0.423177289477D-03  0.687522077811D-04  0.767902223137D-03 -0.157004558718D-02
 -0.526370627780D-03  0.407336070397D+00 -0.842863286967D-03  0.191002874248D-01
 -0.613313365250D-02 -0.161099456242D-02  0.170597810404D-01 -0.141290885943D-01
 -0.842863116142D-03  0.191002876120D-01 -0.613326083326D-02  0.307798734636D-02
 -0.263746832547D-02 -0.461118281700D-02  0.419500076347D-01 -0.513947923844D-02
  0.341785079702D-04 -0.157004580760D-02 -0.562551269149D-01 -0.383973390821D-02
 -0.157004557887D-02  0.302057360599D+00 -0.364036927010D-03  0.918899384551D-03
  0.838182706811D-02 -0.745906862061D-03  0.750556251009D-03  0.438546279940D-02
 -0.364036527376D-03  0.918899329189D-03  0.838195015195D-02 -0.339090310446D-02
 -0.712558693305D-03 -0.110612062740D-02  0.234819813013D-02  0.153034063889D-03
 -0.388706792122D-03 -0.526371304312D-03 -0.383973863675D-02  0.506792480283D-02
 -0.526371315626D-03 -0.383973874055D-02  0.482070628308D-01  0.235540171867D-03
 -0.792563926592D-03 -0.530588170980D-02  0.498521033888D-03 -0.666880909625D-03
 -0.409618327342D-02  0.235539908585D-03 -0.792563900554D-03 -0.530596215688D-02
  0.234725042738D-02  0.469135775195D-03  0.757121955414D-03 -0.195756096566D-02
 -0.127980412504D-04  0.201225569179D-03  0.336964821901D-03  0.307799707986D-02
 -0.339090938249D-02  0.336964829325D-03  0.307799714021D-02 -0.339091272140D-02
  0.284955440806D-01  0.579328127096D-03  0.886549419146D-03 -0.143677954497D-02
  0.537546384677D-03  0.839004706089D-03 -0.834510480938D-03  0.579328124919D-03
  0.886549440720D-03 -0.143680264584D-02  0.469134023202D-03  0.585296855456D-03
  0.423499837553D-03  0.192263123495D-02 -0.593232733309D-03  0.827538340034D-04
  0.691877216289D-03 -0.263746826986D-02 -0.712557842850D-03  0.691877246981D-03
 -0.263746826040D-02 -0.712558763784D-03  0.469135816677D-03  0.414176722229D+00
  0.493495291130D-03  0.155622717374D-02 -0.205470197302D-02  0.427340621788D-03
  0.144280078701D-02 -0.163993454922D-02  0.493495273733D-03  0.155622720668D-02
 -0.205473563404D-02  0.757119024041D-03  0.423499793185D-03  0.220608075464D-03
  0.338169301446D-02 -0.788437987332D-03  0.974566403397D-04  0.576607817545D-03
 -0.461118275333D-02 -0.110611880775D-02  0.576607856928D-03 -0.461118274045D-02
 -0.110612015115D-02  0.757121638118D-03  0.423499816328D-03  0.413680139462D+00
  0.527725471021D-03 -0.142592999382D-01  0.361357396474D-02  0.110674859922D-02
 -0.127012183767D-01  0.100961231259D-01  0.527725320723D-03 -0.142593000679D-01
  0.361365421964D-02 -0.195755483538D-02  0.192263126833D-02  0.338169309462D-02
 -0.313185892089D-01  0.362588058956D-02  0.274691155996D-04  0.115025718980D-02
  0.419500075629D-01  0.234819517293D-02  0.115025703093D-02  0.419500075861D-01
  0.234819818149D-02 -0.195756100229D-02  0.192263123019D-02  0.338169300425D-02
  0.301869765459D+00 -0.370023681323D-03  0.162019659847D-02  0.400614702916D-03
 -0.522859485475D-03  0.146368920300D-02 -0.148477476268D-02 -0.370023619155D-03
  0.162019661018D-02  0.400615645060D-03 -0.127981891179D-04 -0.593232744467D-03
 -0.788438071792D-03  0.362588040601D-02 -0.496921882747D-03 -0.662212583434D-04
 -0.423177326484D-03 -0.513947900466D-02  0.153034335239D-03 -0.423177301758D-03
 -0.513947902419D-02  0.153034428478D-03 -0.127982791005D-04 -0.593232745761D-03
 -0.788438009060D-03  0.362588040367D-02  0.374718117651D+00  0.492815405476D-04
  0.261336303625D-04 -0.865928964439D-03  0.777307301346D-04  0.322750237429D-04
  0.539099787576D-03  0.492815061006D-04  0.261336420706D-04 -0.865939746454D-03
  0.201222293281D-03  0.827531439304D-04  0.974556853402D-04  0.274714404306D-04
 -0.662211826533D-04  0.738730300264D-04  0.687517002530D-04  0.341747969053D-04
 -0.388702625599D-03  0.687517007408D-04  0.341748118684D-04 -0.388703084532D-03
  0.201223141889D-03  0.827531533796D-04  0.974556468124D-04  0.274714383245D-04
 -0.662212161707D-04  0.353781420821D-01  0.517958567478D-03  0.513269246555D-03
 -0.144571232170D-02  0.475909359693D-03  0.513789013394D-03 -0.902370565162D-03
  0.517958556056D-03  0.513269266982D-03 -0.144573545366D-02  0.498519426711D-03
  0.537546390087D-03  0.427340692662D-03  0.110674854807D-02 -0.522859489941D-03
  0.777314395382D-04  0.646867064528D-03 -0.161099446433D-02 -0.745906227539D-03
  0.646867092902D-03 -0.161099445517D-02 -0.745907153933D-03  0.498521224375D-03
  0.537546407417D-03  0.427340663683D-03  0.110674854174D-02 -0.522859509854D-03
  0.777307562280D-04  0.409729415771D+00  0.261091124198D-03 -0.577488767874D-02
  0.110526869185D-02  0.513789005081D-03 -0.514354735129D-02  0.403861765849D-02
  0.261091046290D-03 -0.577488772834D-02  0.110529622790D-02 -0.666878945374D-03
  0.839004700190D-03  0.144280081382D-02 -0.127012183819D-01  0.146368932212D-02
  0.322742094795D-04  0.514986738905D-03  0.170597809939D-01  0.750555467994D-03
  0.514986674375D-03  0.170597810086D-01  0.750556477625D-03 -0.666881053982D-03
  0.839004687850D-03  0.144280075734D-02 -0.127012183708D-01  0.146368923121D-02
  0.322750005779D-04  0.513788994281D-03  0.354478359653D+00 -0.374891087462D-03
  0.448442549704D-02  0.268949606586D-02 -0.902394563461D-03  0.403864650156D-02
  0.208886992189D-01 -0.374890783842D-03  0.448442562780D-02  0.268957218615D-02
 -0.409626114015D-02 -0.834534673435D-03 -0.163997014826D-02  0.100962072556D-01
 -0.148477413367D-02  0.539086206603D-03 -0.463408628329D-03 -0.141292219668D-01
  0.438558784765D-02 -0.463408625250D-03 -0.141292219244D-01  0.438559085755D-02
 -0.409626696730D-02 -0.834534646694D-03 -0.163996973435D-02  0.100962073320D-01
 -0.148477388514D-02  0.539088568236D-03 -0.902394747289D-03  0.403864659569D-02
  0.644428773792D-01 -0.350953659342D-05  0.187006664344D-03 -0.767399451487D-04
 -0.200859137165D-04  0.170654715688D-03  0.113933622557D-02 -0.350953120851D-05
  0.187006673096D-03 -0.767388070767D-04 -0.148033627463D-03 -0.144995798174D-04
 -0.452079533891D-04  0.414778767766D-03 -0.769481014278D-04  0.434690400971D-04
 -0.222775110877D-05 -0.566316615951D-03  0.116616942869D-03 -0.222775127600D-05
 -0.566316610219D-03  0.116616979452D-03 -0.148033708929D-03 -0.144995763418D-04
 -0.452079436276D-04  0.414778770905D-03 -0.769480984055D-04  0.434690780069D-04
 -0.200859160426D-04  0.170654714424D-03  0.113933740606D-02  0.929539842912D-02
 -0.916164799562D-03 -0.109204682583D-02 -0.137964985785D-01 -0.105623389816D-02
 -0.341706938140D-03 -0.748148525945D-02 -0.916165071013D-03 -0.109204666815D-02
 -0.137967123413D-01  0.491031241185D-02 -0.133776666377D-03 -0.351330868541D-03
 -0.231469595504D-02 -0.352817945885D-02  0.731803390057D-03  0.520707966369D-03
  0.147281799473D-02 -0.738203582892D-02  0.520708173496D-03  0.147281809674D-02
 -0.738204449816D-02  0.491032905801D-02 -0.133776506312D-03 -0.351331288604D-03
 -0.231469602455D-02 -0.352817979145D-02  0.731797050729D-03 -0.105623360736D-02
 -0.341707157501D-03 -0.748170843948D-02 -0.167666757280D-03  0.683211520027D+00
 -0.113465698049D-03 -0.236120543363D-02  0.131168040735D-02 -0.951188561956D-04
 -0.210462133086D-02  0.117012544528D-02 -0.113465707584D-03 -0.236120545631D-02
  0.131170271029D-02 -0.458505674526D-03 -0.178740908045D-04  0.268075657036D-03
 -0.515617797188D-02  0.678321639500D-03 -0.673579799889D-04 -0.725939685624D-04
  0.666598371092D-02  0.675383813541D-03 -0.725939980272D-04  0.666598370118D-02
  0.675384691722D-03 -0.458507399709D-03 -0.178741031810D-04  0.268075669067D-03
 -0.515617796939D-02  0.678321634270D-03 -0.673573255366D-04 -0.951188806180D-04
 -0.210462131043D-02  0.117014879361D-02  0.294973901114D-04 -0.298612396884D-02
  0.414924621950D+00 -0.351015654883D-05  0.187008262530D-03 -0.767296337543D-04
 -0.200870476652D-04  0.170656063403D-03  0.113933990684D-02 -0.351015116352D-05
  0.187008271282D-03 -0.767284955349D-04 -0.148037579461D-03 -0.145007133976D-04
 -0.452096049365D-04  0.414782700244D-03 -0.769480487462D-04  0.434685066278D-04
 -0.222859461502D-05 -0.566322849267D-03  0.116622995869D-03 -0.222859478225D-05
 -0.566322843535D-03  0.116623032459D-03 -0.148037660939D-03 -0.145007099221D-04
 -0.452095951745D-04  0.414782703382D-03 -0.769480457234D-04  0.434685445420D-04
 -0.200870499917D-04  0.170656062139D-03  0.113934108748D-02  0.652674617125D-04
 -0.167677232263D-03  0.294984885544D-04  0.929539853355D-02 -0.916164765460D-03
 -0.109204699841D-02 -0.137964982049D-01 -0.105623386299D-02 -0.341707098195D-03
 -0.748148479013D-02 -0.916165036911D-03 -0.109204684072D-02 -0.137967119677D-01
  0.491031223437D-02 -0.133776619833D-03 -0.351330815754D-03 -0.231469632641D-02
 -0.352817938350D-02  0.731803380603D-03  0.520707999234D-03  0.147281849560D-02
 -0.738203558562D-02  0.520708206371D-03  0.147281859772D-02 -0.738204425487D-02
  0.491032888053D-02 -0.133776459768D-03 -0.351331235817D-03 -0.231469639601D-02
 -0.352817971610D-02  0.731797041275D-03 -0.105623357217D-02 -0.341707317536D-03
 -0.748170797015D-02 -0.167666738468D-03 -0.279965188146D-01 -0.298612402644D-02
 -0.167677213450D-03  0.683211520250D+00 -0.113465681624D-03 -0.236120546789D-02
  0.131168237203D-02 -0.951188995048D-04 -0.210462138356D-02  0.117012688616D-02
 -0.113465691158D-03 -0.236120549057D-02  0.131170467500D-02 -0.458506514477D-03
 -0.178741102360D-04  0.268075567012D-03 -0.515617798142D-02  0.678321760205D-03
 -0.673580579238D-04 -0.725939804433D-04  0.666598363364D-02  0.675385034228D-03
 -0.725940099081D-04  0.666598362389D-02  0.675385912411D-03 -0.458508239661D-03
 -0.178741226135D-04  0.268075579042D-03 -0.515617797892D-02  0.678321754975D-03
 -0.673574034705D-04 -0.951189239263D-04 -0.210462136313D-02  0.117015023452D-02
  0.294974384195D-04 -0.298612476291D-02 -0.499345015756D-03  0.294985368640D-04
 -0.298612482050D-02  0.414924621995D+00  0.400039787942D-02  0.551013429092D-02
  0.858114654219D-02  0.427637797933D-02  0.424287119946D-02  0.657172894420D-02
  0.400039804699D-02  0.551013419783D-02  0.858128368698D-02 -0.332595697516D-02
  0.316358324470D-02  0.287932242457D-02  0.116833862028D-01  0.225765865621D-02
 -0.382064725146D-03  0.251970359543D-02 -0.129390808055D-01  0.479035436558D-02
  0.251970343785D-02 -0.129390808385D-01  0.479035990392D-02 -0.332596765274D-02
  0.316358313325D-02  0.287932267809D-02  0.116833862623D-01  0.225765887574D-02
 -0.382060665424D-03  0.427637782270D-02  0.424287129867D-02  0.657187215453D-02
  0.225374258928D-03  0.462996433655D-01  0.372009903645D-02  0.225380951227D-03
  0.462996432997D-01  0.372009949040D-02  0.364328500009D+00 -0.872134395731D-03
 -0.270514286464D-02  0.536875641508D-03 -0.953755513492D-03 -0.230054144056D-02
 -0.270352460560D-04 -0.872134384068D-03 -0.270514287405D-02  0.536883260368D-03
 -0.142338583276D-03 -0.694292019340D-03 -0.467071927179D-03 -0.580164412759D-02
  0.147751638624D-03 -0.431657883311D-04 -0.598035017469D-03  0.701063677667D-02
  0.264550866311D-03 -0.598035012985D-03  0.701063676053D-02  0.264551179095D-03
 -0.142339173906D-03 -0.694292018484D-03 -0.467071905709D-03 -0.580164413080D-02
  0.147751640756D-03 -0.431655600267D-04 -0.953755540114D-03 -0.230054141379D-02
 -0.270273023545D-04 -0.199457971810D-04 -0.115732280852D-01 -0.958138708342D-03
 -0.199454109083D-04 -0.115732280910D-01 -0.958138631358D-03  0.139175586651D-01
  0.392385164271D+00  0.427693952384D-03  0.314811128391D-02 -0.122379241300D-01
  0.551920326002D-03  0.297259497822D-02  0.189141275591D-01  0.427693569663D-03
  0.314811154289D-02 -0.122380554043D-01  0.109412334249D-02  0.616744654955D-03
  0.416490241674D-03  0.658145760882D-02 -0.190238201228D-02  0.142653552936D-02
  0.646496409687D-03 -0.812660494974D-02 -0.388474151008D-02  0.646496422412D-03
 -0.812660469554D-02 -0.388474720661D-02  0.109413375789D-02  0.616744818518D-03
  0.416489854989D-03  0.658145761216D-02 -0.190238240234D-02  0.142653165435D-02
  0.551920643195D-03  0.297259466545D-02  0.189139908900D-01  0.125517771126D-02
  0.634164562810D-02 -0.146908329682D-03  0.125517117415D-02  0.634164573313D-02
 -0.146908819638D-03 -0.198088866535D-02 -0.568949048757D-03  0.775362701065D-01
  0.400039788599D-02  0.551013416311D-02  0.858114753422D-02  0.427637796030D-02
  0.424287107411D-02  0.657172966938D-02  0.400039805356D-02  0.551013407001D-02
  0.858128467902D-02 -0.332595739153D-02  0.316358323887D-02  0.287932240015D-02
  0.116833859534D-01  0.225765875147D-02 -0.382064765758D-03  0.251970358846D-02
 -0.129390805192D-01  0.479035497212D-02  0.251970343089D-02 -0.129390805521D-01
  0.479036051046D-02 -0.332596806911D-02  0.316358312741D-02  0.287932265367D-02
  0.116833860129D-01  0.225765897100D-02 -0.382060706035D-03  0.427637780367D-02
  0.424287117322D-02  0.657187287973D-02  0.225374282447D-03  0.462996429387D-01
  0.372009902605D-02  0.225380974747D-03  0.462996428729D-01  0.372009947999D-02
 -0.585531892533D-01  0.139175586787D-01 -0.198088891728D-02  0.364328500561D+00
 -0.872134446929D-03 -0.270514263732D-02  0.536878284580D-03 -0.953755667181D-03
 -0.230054126306D-02 -0.270339938599D-04 -0.872134435265D-03 -0.270514264672D-02
  0.536885903478D-03 -0.142339633774D-03 -0.694292153755D-03 -0.467072187195D-03
 -0.580164352984D-02  0.147751709815D-03 -0.431659138713D-04 -0.598035112254D-03
  0.701063580784D-02  0.264552446749D-03 -0.598035107770D-03  0.701063579169D-02
  0.264552759536D-03 -0.142340224407D-03 -0.694292152898D-03 -0.467072165724D-03
 -0.580164353305D-02  0.147751711947D-03 -0.431656855658D-04 -0.953755693804D-03
 -0.230054123628D-02 -0.270260501182D-04 -0.199457680389D-04 -0.115732297746D-01
 -0.958138567380D-03 -0.199453817653D-04 -0.115732297804D-01 -0.958138490395D-03
  0.139175596839D-01 -0.318444189454D-02 -0.568950409574D-03  0.139175596974D-01
  0.392385164501D+00  0.427682177617D-03  0.314814189177D-02 -0.122377323148D-01
  0.551898887250D-03  0.297262085462D-02  0.189141973849D-01  0.427681794906D-03
  0.314814215074D-02 -0.122378635864D-01  0.109404957856D-02  0.616723212722D-03
  0.416459045544D-03  0.658153273334D-02 -0.190238137733D-02  0.142652565414D-02
  0.646480468734D-03 -0.812672374173D-02 -0.388462866462D-02  0.646480481460D-03
 -0.812672348754D-02 -0.388463436104D-02  0.109405999374D-02  0.616723376284D-03
  0.416458658872D-03  0.658153273669D-02 -0.190238176739D-02  0.142652177922D-02
  0.551899204437D-03  0.297262054188D-02  0.189140607187D-01  0.125517876316D-02
  0.634144811130D-02 -0.146887583574D-03  0.125517222619D-02  0.634144821634D-02
 -0.146888073503D-03 -0.198076188888D-02 -0.568942024805D-03  0.318533341136D-01
 -0.198076214080D-02 -0.568943385586D-03  0.775360297130D-01 -0.132030545158D-02
  0.681485827307D-03 -0.984471453556D-02 -0.155425448643D-02  0.109409201178D-02
 -0.690360503763D-02 -0.132030559590D-02  0.681485953873D-03 -0.984487188873D-02
  0.362387683119D-02 -0.929175151438D-03 -0.126868711366D-02  0.163599836165D-02
 -0.306106716133D-02  0.481204056124D-03 -0.306135535654D-03 -0.363894258593D-02
 -0.532591823216D-02 -0.306135360140D-03 -0.363894252793D-02 -0.532592456379D-02
  0.362388906903D-02 -0.929175034538D-03 -0.126868736800D-02  0.163599830833D-02
 -0.306106734912D-02  0.481199403000D-03 -0.155425429319D-02  0.109409187457D-02
 -0.690376941961D-02 -0.195104083962D-03 -0.244306366880D-01 -0.162684990374D-02
 -0.195111789018D-03 -0.244306365380D-01 -0.162685038291D-02  0.359316033691D-01
 -0.838094511448D-02  0.294434330271D-02  0.359316031386D-01 -0.838094629912D-02
  0.294419769341D-02  0.519431580024D+00  0.985414426996D-03  0.690657420475D-02
 -0.770680581990D-02  0.913704329353D-03  0.626692117678D-02 -0.546746051190D-02
  0.985414332090D-03  0.690657431776D-02 -0.770692971925D-02  0.279615092663D-02
  0.756999573078D-03 -0.424343383814D-04  0.149909464676D-01 -0.265183168068D-02
  0.386945056320D-03  0.108054970923D-02 -0.196343264392D-01 -0.415472004449D-02
  0.108054983258D-02 -0.196343263753D-01 -0.415472501591D-02  0.279616055081D-02
  0.756999651294D-03 -0.424345287418D-04  0.149909464358D-01 -0.265183178365D-02
  0.386941392495D-03  0.913704506847D-03  0.626692104020D-02 -0.546758996264D-02
 -0.132689315690D-03  0.611907758328D-02  0.125890394570D-02 -0.132695406738D-03
  0.611907773436D-02  0.125890350846D-02 -0.304729659524D-02  0.950937261668D-03
  0.224223276409D-02 -0.304729673720D-02  0.950936233347D-03  0.224211805616D-02
  0.173991825292D-02  0.583273723462D+00 -0.110115105167D-02 -0.107111234552D-02
 -0.783726801886D-02 -0.128935167496D-02 -0.518693708262D-03 -0.525170880065D-02
 -0.110115117840D-02 -0.107111225055D-02 -0.783739239732D-02  0.287756192906D-02
 -0.651961328660D-03 -0.780189084523D-03 -0.220877368045D-02 -0.228832570908D-02
  0.386968540978D-03 -0.141257268026D-03  0.152840486072D-02 -0.423633757660D-02
 -0.141257129758D-03  0.152840490530D-02 -0.423634259197D-02  0.287757160710D-02
 -0.651961233259D-03 -0.780189296605D-03 -0.220877372439D-02 -0.228832587643D-02
  0.386964860121D-03 -0.128935152456D-02 -0.518693814356D-03 -0.525183871626D-02
 -0.148630355857D-03 -0.233994101546D-01 -0.191061881124D-02 -0.148636441911D-03
 -0.233994100544D-01 -0.191061919370D-02  0.348184614904D-01 -0.826082515175D-02
  0.258991867283D-02  0.348184612856D-01 -0.826082607541D-02  0.258980362236D-02
 -0.196713568790D-01  0.288347102698D-02  0.518820483548D+00 -0.132030541359D-02
  0.681485738312D-03 -0.984471598943D-02 -0.155425439052D-02  0.109409194612D-02
 -0.690360583165D-02 -0.132030555791D-02  0.681485864888D-03 -0.984487334263D-02
  0.362387742000D-02 -0.929175064435D-03 -0.126868696580D-02  0.163599811230D-02
 -0.306106721320D-02  0.481204122653D-03 -0.306135471437D-03 -0.363894215017D-02
 -0.532591910971D-02 -0.306135295934D-03 -0.363894209237D-02 -0.532592544135D-02
  0.362388965784D-02 -0.929174947545D-03 -0.126868722014D-02  0.163599805899D-02
 -0.306106740100D-02  0.481199469528D-03 -0.155425419727D-02  0.109409180891D-02
 -0.690377021365D-02 -0.195104105517D-03 -0.244306356519D-01 -0.162684998761D-02
 -0.195111810574D-03 -0.244306355020D-01 -0.162685046679D-02  0.359316027244D-01
 -0.838094516788D-02  0.294434394366D-02  0.359316024939D-01 -0.838094635250D-02
  0.294419833435D-02 -0.210964735066D-01  0.173991883706D-02 -0.196713563066D-01
  0.519431581465D+00  0.985414393185D-03  0.690657427501D-02 -0.770680665025D-02
  0.913704310638D-03  0.626692125074D-02 -0.546746091866D-02  0.985414298279D-03
  0.690657438802D-02 -0.770693054960D-02  0.279615125084D-02  0.756999541598D-03
 -0.424343448014D-04  0.149909465975D-01 -0.265183175291D-02  0.386945095594D-03
  0.108054968446D-02 -0.196343265982D-01 -0.415472053194D-02  0.108054980782D-02
 -0.196343265343D-01 -0.415472550337D-02  0.279616087503D-02  0.756999619824D-03
 -0.424345351729D-04  0.149909465657D-01 -0.265183185587D-02  0.386941431768D-03
  0.913704488122D-03  0.626692111415D-02 -0.546759036942D-02 -0.132689324574D-03
  0.611907762523D-02  0.125890397054D-02 -0.132695415623D-03  0.611907777641D-02
  0.125890353330D-02 -0.304729654718D-02  0.950937213420D-03  0.224223318067D-02
 -0.304729668913D-02  0.950936185109D-03  0.224211847273D-02  0.173991821809D-02
 -0.180504038105D-02  0.288347099347D-02  0.173991880224D-02  0.583273723552D+00
 -0.110115108786D-02 -0.107111224251D-02 -0.783726861290D-02 -0.128935170604D-02
 -0.518693607073D-03 -0.525170899519D-02 -0.110115121458D-02 -0.107111214754D-02
 -0.783739299138D-02  0.287756214385D-02 -0.651961369158D-03 -0.780189114636D-03
 -0.220877346914D-02 -0.228832578124D-02  0.386968572551D-03 -0.141257298051D-03
  0.152840457860D-02 -0.423633790858D-02 -0.141257159783D-03  0.152840462327D-02
 -0.423634292394D-02  0.287757182190D-02 -0.651961273757D-03 -0.780189326719D-03
 -0.220877351317D-02 -0.228832594860D-02  0.386964891695D-03 -0.128935155564D-02
 -0.518693713167D-03 -0.525183891082D-02 -0.148630356512D-03 -0.233994102594D-01
 -0.191061877683D-02 -0.148636442566D-03 -0.233994101591D-01 -0.191061915927D-02
  0.348184616420D-01 -0.826082519401D-02  0.258991907144D-02  0.348184614373D-01
 -0.826082611768D-02  0.258980402097D-02 -0.196713570219D-01  0.288347098381D-02
 -0.186534136749D-01 -0.196713564497D-01  0.288347095020D-02  0.518820483312D+00
  0.301261423141D-02  0.471993423868D-02 -0.611990155568D-03  0.344167264486D-02
  0.387401510857D-02  0.321455142886D-02  0.301261418867D-02  0.471993422872D-02
 -0.611990932954D-03 -0.224061947827D-03  0.293672818453D-02  0.251298746963D-02
  0.994884958082D-02  0.351957714198D-03  0.163260987756D-03  0.240550704342D-02
 -0.108645011052D-01 -0.258288236686D-04  0.240550699595D-02 -0.108645010493D-01
 -0.258289224437D-04 -0.224061879273D-03  0.293672817132D-02  0.251298740529D-02
  0.994884960615D-02  0.351957675331D-03  0.163260946626D-03  0.344167269467D-02
  0.387401503421D-02  0.321455070249D-02  0.197473738961D-03  0.362389019186D-01
  0.127361205178D-02  0.197473659468D-03  0.362389018677D-01  0.127361192231D-02
 -0.399893375721D-01  0.807643013156D-02  0.389257428917D-02 -0.399893376437D-01
  0.807643005653D-02  0.389257376588D-02  0.270096295439D-01  0.187631319377D-02
  0.254507924357D-01  0.270096295990D-01  0.187631330737D-02  0.254507925710D-01
  0.393794478271D+00 -0.140945087655D-04  0.152120752272D-02 -0.148980102367D-02
 -0.326792913887D-04  0.137913332085D-02 -0.114545713884D-02 -0.140945219793D-04
  0.152120754550D-02 -0.148982530893D-02  0.542600896052D-03 -0.648264317765D-04
 -0.242730801955D-03  0.332012336508D-02 -0.563440063042D-03  0.734837372874D-04
 -0.585048268821D-06 -0.436052809738D-02 -0.801153944976D-03 -0.585022248336D-06
 -0.436052808582D-02 -0.801154915582D-03  0.542602780991D-03 -0.648264166696D-04
 -0.242730834405D-03  0.332012335921D-02 -0.563440078201D-03  0.734830206390D-04
 -0.326792584068D-04  0.137913329558D-02 -0.114548252170D-02 -0.294444931618D-04
  0.771566062562D-03  0.276903269930D-03 -0.294456870174D-04  0.771566098417D-03
  0.276903195513D-03 -0.821264531918D-03  0.255362024587D-03  0.344894308281D-03
 -0.821264552161D-03  0.255361831244D-03  0.344871804272D-03  0.722301914334D-04
 -0.777023640456D-03  0.322232008111D-03  0.722303015718D-04 -0.777023638583D-03
  0.322231993538D-03  0.266295452293D-03  0.418761661799D+00  0.493671620696D-11
  0.285376652182D-10 -0.516565882213D-09  0.209636323000D-10  0.307503887636D-10
 -0.286720149226D-09  0.493669386544D-11  0.285376697858D-10 -0.516573573314D-09
  0.206801289126D-09  0.150751211912D-10  0.298413111151D-10  0.449500168713D-10
 -0.359231525750D-10  0.237570453013D-10  0.120075545431D-10 -0.302417699471D-10
 -0.308314086729D-09  0.120075563275D-10 -0.302417639605D-10 -0.308314405250D-09
  0.206801889745D-09  0.150751257803D-10  0.298412842442D-10  0.449500136393D-10
 -0.359231726015D-10  0.237568144389D-10  0.209636496426D-10  0.307503756046D-10
 -0.286728155728D-09 -0.752427103859D-11  0.294827413112D-09 -0.638630676630D-11
 -0.752464918049D-11  0.294827402044D-09 -0.638637657017D-11 -0.196620394327D-09
 -0.661285070114D-11  0.223976734271D-09 -0.196620427240D-09 -0.661294671359D-11
  0.223969673511D-09  0.185594990331D-09  0.125018838929D-09  0.156298367287D-09
  0.185595042583D-09  0.125018866472D-09  0.156298385311D-09  0.129084864520D-10
  0.213435479618D-10  0.416921843345D+00  0.101945602800D-02 -0.510951893494D-02
 -0.155800873850D-01  0.205863342062D-02 -0.447944689960D-02 -0.205376837986D-01
  0.101945515297D-02 -0.510951893799D-02 -0.155803388191D-01  0.825559890875D-02
  0.199158340750D-02  0.323726553122D-02 -0.119514461728D-01  0.931825845093D-03
  0.297791535351D-03  0.136785659728D-02  0.176762536315D-01 -0.112289967653D-01
  0.136785660449D-02  0.176762537794D-01 -0.112290071512D-01  0.825561847913D-02
  0.199158350445D-02  0.323726445653D-02 -0.119514463060D-01  0.931825061735D-03
  0.297783910192D-03  0.205863402669D-02 -0.447944734190D-02 -0.205379452853D-01
 -0.922386562301D-03  0.186724094315D-01 -0.217404144404D-02 -0.922398888409D-03
  0.186724086936D-01 -0.217404443421D-02 -0.132714644259D-01 -0.454885099639D-03
 -0.561051756951D-02 -0.132714659334D-01 -0.454888526821D-03 -0.561074803494D-02
  0.146795812123D-01  0.115544386716D-01  0.114730837722D-01  0.146795831889D-01
  0.115544397596D-01  0.114730844666D-01 -0.223794200923D-02  0.231025514327D-02
  0.706149258390D-09  0.481280550419D-01  0.619917866250D-03  0.449439654854D-02
 -0.179430137070D-01  0.814140585233D-03  0.424838998092D-02  0.267444600134D-01
  0.619917298799D-03  0.449439692209D-02 -0.179432081136D-01  0.175162484885D-02
  0.902579081736D-03  0.632997713031D-03  0.937910630339D-02 -0.274091934235D-02
  0.205829880177D-02  0.939758244118D-03 -0.115482767660D-01 -0.582882514891D-02
  0.939758263604D-03 -0.115482763975D-01 -0.582883357167D-02  0.175164026455D-02
  0.902579319360D-03  0.632997135716D-03  0.937910630524D-02 -0.274091991824D-02
  0.205829305948D-02  0.814141054087D-03  0.424838952217D-02  0.267442576193D-01
  0.178510460227D-02  0.936713497063D-02 -0.226560481167D-03  0.178509492573D-02
  0.936713510933D-02 -0.226561245974D-03 -0.303280605873D-02 -0.822293806850D-03
  0.456831359710D-01 -0.303280644974D-02 -0.822295837642D-03  0.456829579531D-01
  0.441296645050D-02  0.335479259030D-02  0.386888373644D-02  0.441296741380D-02
  0.335479321086D-02  0.386888432266D-02  0.556888490644D-02  0.520405030997D-03
  0.336219079976D-09 -0.736818935333D-02  0.802469672350D-01 -0.127001877287D-07
  0.328261926590D-07  0.208635490251D-06 -0.231663639554D-07  0.277233205709D-07
  0.758399162529D-07 -0.127001775990D-07  0.328261912921D-07  0.208638476456D-06
 -0.801924576920D-07 -0.231500701619D-07 -0.337076306542D-07  0.806736299020D-07
  0.840169036482D-09 -0.107462910048D-07 -0.172156998883D-07 -0.127736269826D-06
  0.122694168472D-06 -0.172156999596D-07 -0.127736272613D-06  0.122694293479D-06
 -0.801926912567D-07 -0.231500719390D-07 -0.337076187020D-07  0.806736310696D-07
  0.840178397666D-09 -0.107462009929D-07 -0.231663712115D-07  0.277233263472D-07
  0.758430224053D-07  0.113501123504D-08 -0.213810685927D-06  0.223671442247D-07
  0.113515820864D-08 -0.213810679683D-06  0.223671740763D-07  0.137202977278D-06
  0.760914214604D-08 -0.130858955729D-06  0.137202992460D-06  0.760918058844D-08
 -0.130856219845D-06 -0.157481548134D-06 -0.124014795229D-06 -0.124462525411D-06
 -0.157481569555D-06 -0.124014807467D-06 -0.124462534024D-06 -0.690163926547D-09
 -0.243168520141D-07 -0.767096007945D-14 -0.250579332951D-06 -0.193794073509D-06
  0.156014584100D-01
$end
