../../Gaussian/basicGaussian03/dvb_sp.out

entry_name: dvb_sp-1
&gen
idft=22111
ifreq=1
igeopt=-1
irder=1
basis=STO-3G
ip11=2
nmder=2
&
&zmat
C1      0.2694810000000  -1.4100870000000   0.0000000000000
C2     -1.0647520000000  -0.9207000000000   0.0000000000000
C3     -1.3254340000000   0.4570290000000   0.0000000000000
C4     -0.2694810000000   1.4100870000000   0.0000000000000
C5      1.0647520000000   0.9207000000000   0.0000000000000
H6     -1.9044340000000  -1.6275960000000   0.0000000000000
H7     -2.3647720000000   0.8131670000000   0.0000000000000
H8      1.9044340000000   1.6275960000000   0.0000000000000
C9     -0.6037320000000   2.8699170000000   0.0000000000000
C10     0.2694810000000   3.8919520000000   0.0000000000000
H11     1.3551660000000   3.7420140000000   0.0000000000000
H12    -1.6819040000000   3.0900050000000   0.0000000000000
H13    -0.0740290000000   4.9329690000000   0.0000000000000
C14     0.6037320000000  -2.8699170000000   0.0000000000000
H15     1.6819040000000  -3.0900050000000   0.0000000000000
C16    -0.2694810000000  -3.8919520000000   0.0000000000000
H17    -1.3551660000000  -3.7420140000000   0.0000000000000
H18     0.0740290000000  -4.9329690000000   0.0000000000000
C19     1.3254340000000  -0.4570290000000   0.0000000000000
H20     2.3647720000000  -0.8131670000000   0.0000000000000
&
&guess  basgss=sto-3g          
    1 Orbital Energy   -10.020287 Occupation  1.000000 Symmetry Bu      
  0.699296358431819  0.031566608658189 -0.000053984158320  0.000912186432334
  0.000000000000000 -0.019172445993467 -0.007713314947066 -0.004204267676473
  0.001232178798161  0.000000000000000  0.018489967598193  0.007721344570902
  0.003461310825664  0.002717754123778  0.000000000000000 -0.699296358431819
 -0.031566608658189 -0.000053984158320  0.000912186432334  0.000000000000000
  0.019172445993467  0.007713314947066 -0.004204267676473  0.001232178798161
  0.000000000000000  0.000332150883117 -0.000331384387205 -0.000332150883117
  0.027425620631023  0.006725182160744  0.001005544629484 -0.003947925641290
  0.000000000000000 -0.000179079573500 -0.000474427907479 -0.000011189122782
  0.000282525404597  0.000000000000000  0.000148250114436 -0.000325291714478
  0.000028685522800 -0.027425620631023 -0.006725182160744  0.001005544629484
 -0.003947925641290  0.000000000000000  0.000325291714478  0.000179079573500
  0.000474427907479 -0.000011189122782  0.000282525404597  0.000000000000000
 -0.000148250114436 -0.000028685522800 -0.018489967598193 -0.007721344570902
  0.003461310825664  0.002717754123778  0.000000000000000  0.000331384387205
    2 Orbital Energy   -10.020240 Occupation  1.000000 Symmetry Ag      
  0.699294231486726  0.031359911908873  0.000006611174825  0.000643379018902
  0.000000000000000 -0.019435329338615 -0.006881126524798 -0.004104726646191
  0.001661898398357  0.000000000000000 -0.018962191834067 -0.006908174236163
 -0.003242775711272 -0.003083246118519  0.000000000000000  0.699294231486726
  0.031359911908873 -0.000006611174825 -0.000643379018902  0.000000000000000
 -0.019435329338615 -0.006881126524798  0.004104726646191 -0.001661898398357
  0.000000000000000  0.000222677232202  0.000218703010378  0.000222677232202
 -0.027787768178276 -0.006793008795114 -0.001014189901376  0.003985224443214
  0.000000000000000  0.000192880824781  0.000477661391669  0.000010718785185
 -0.000289193070965  0.000000000000000 -0.000140417713432  0.000336582085574
 -0.000027779958712 -0.027787768178276 -0.006793008795114  0.001014189901376
 -0.003985224443214  0.000000000000000  0.000336582085574  0.000192880824781
  0.000477661391669 -0.000010718785185  0.000289193070965  0.000000000000000
 -0.000140417713432 -0.000027779958712 -0.018962191834067 -0.006908174236163
  0.003242775711272  0.003083246118519  0.000000000000000  0.000218703010378
    3 Orbital Energy   -10.008198 Occupation  1.000000 Symmetry Bu      
 -0.028029021523417  0.004125862683549  0.000777205526386 -0.004129467437289
  0.000000000000000  0.007903568227607  0.000448788341521  0.000131227005639
  0.000077942606529  0.000000000000000 -0.008570960511730 -0.000526477951809
 -0.000128415062470  0.000003583414860  0.000000000000000  0.028029021523417
 -0.004125862683549  0.000777205526386 -0.004129467437289  0.000000000000000
 -0.007903568227607 -0.000448788341521  0.000131227005639  0.000077942606529
  0.000000000000000  0.000058107261901  0.000074654233141 -0.000058107261901
  0.699826836311810  0.030783109622726  0.000715323313923  0.001092597121032
  0.000000000000000 -0.008003194001206 -0.007608906792321  0.002957164264966
  0.003515302954891  0.000000000000000  0.000184885484221 -0.006422885673211
  0.000214527740628 -0.699826836311810 -0.030783109622726  0.000715323313923
  0.001092597121032  0.000000000000000  0.006422885673211  0.008003194001206
  0.007608906792321  0.002957164264966  0.003515302954891  0.000000000000000
 -0.000184885484221 -0.000214527740628  0.008570960511730  0.000526477951809
 -0.000128415062470  0.000003583414860  0.000000000000000 -0.000074654233141
    4 Orbital Energy   -10.008197 Occupation  1.000000 Symmetry Ag      
 -0.028230937112290  0.004070677181536  0.000770614507289 -0.004102473637295
  0.000000000000000  0.010687027025982  0.000442944683226  0.000209164191745
  0.000019873733952  0.000000000000000  0.011304163502127  0.000540366696388
  0.000187631637062  0.000067472150761  0.000000000000000 -0.028230937112290
  0.004070677181536 -0.000770614507289  0.004102473637295  0.000000000000000
  0.010687027025982  0.000442944683226 -0.000209164191745 -0.000019873733952
  0.000000000000000  0.000057735740301 -0.000078648660429  0.000057735740301
 -0.699744066266892 -0.030764582130033 -0.000712665827709 -0.001102778863027
  0.000000000000000  0.007996591500182  0.007607242139858 -0.002957520758827
 -0.003513454305385  0.000000000000000 -0.000185181736077  0.006420626433086
 -0.000214755640199 -0.699744066266892 -0.030764582130033  0.000712665827709
  0.001102778863027  0.000000000000000  0.006420626433086  0.007996591500182
  0.007607242139858  0.002957520758827  0.003513454305385  0.000000000000000
 -0.000185181736077 -0.000214755640199  0.011304163502127  0.000540366696388
 -0.000187631637062 -0.000067472150761  0.000000000000000 -0.000078648660429
    5 Orbital Energy   -10.006795 Occupation  1.000000 Symmetry Bu      
 -0.027129725049097  0.007780712488325 -0.002250956626468  0.002745588225139
  0.000000000000000 -0.628000255239671 -0.030744692946509 -0.000214601561234
 -0.002712878873863  0.000000000000000  0.308143098116756  0.019621356040370
  0.001169229047171 -0.004181267618690  0.000000000000000  0.027129725049097
 -0.007780712488325 -0.002250956626468  0.002745588225139  0.000000000000000
  0.628000255239671  0.030744692946509 -0.000214601561234 -0.002712878873863
  0.000000000000000  0.005768400748244 -0.002951111107417 -0.005768400748244
  0.009872382701043  0.000553585768081  0.000050766019430  0.000042061024446
  0.000000000000000 -0.000931086087935 -0.000234098873661  0.000001082473456
  0.000123073216766  0.000000000000000  0.000161954438224 -0.000139571766636
 -0.000010560372152 -0.009872382701043 -0.000553585768081  0.000050766019430
  0.000042061024446  0.000000000000000  0.000139571766636  0.000931086087935
  0.000234098873661  0.000001082473456  0.000123073216766  0.000000000000000
 -0.000161954438224  0.000010560372152 -0.308143098116756 -0.019621356040370
  0.001169229047171 -0.004181267618690  0.000000000000000  0.002951111107417
    6 Orbital Energy   -10.006793 Occupation  1.000000 Symmetry Ag      
 -0.008369752319488  0.002075444524352 -0.005158415991406 -0.000143416407286
  0.000000000000000 -0.612540445985106 -0.030139581324419  0.000019702280470
 -0.002693413043140  0.000000000000000  0.338824126917006  0.020670997150796
  0.001117596455626 -0.003993324376688  0.000000000000000 -0.008369752319488
  0.002075444524352  0.005158415991406  0.000143416407286  0.000000000000000
 -0.612540445985106 -0.030139581324419 -0.000019702280470  0.002693413043140
  0.000000000000000  0.005653860331030 -0.003147453197995  0.005653860331030
 -0.003559168059186 -0.000149030482539 -0.000111212659963 -0.000070885951662
  0.000000000000000  0.000491660298784  0.000119135350344  0.000018404338228
 -0.000047692743651  0.000000000000000 -0.000163367965433  0.000061055364260
  0.000005806353472 -0.003559168059186 -0.000149030482539  0.000111212659963
  0.000070885951662  0.000000000000000  0.000061055364260  0.000491660298784
  0.000119135350344 -0.000018404338228  0.000047692743651  0.000000000000000
 -0.000163367965433  0.000005806353472  0.338824126917006  0.020670997150796
 -0.001117596455626  0.003993324376688  0.000000000000000 -0.003147453197995
    7 Orbital Energy   -10.006096 Occupation  1.000000 Symmetry Bu      
 -0.008759335203341  0.002660846863040  0.004612897272562  0.001976869176717
  0.000000000000000  0.309532063389680  0.007713073885217  0.000989002794316
 -0.003567290569504  0.000000000000000  0.628694585120580  0.024875613659482
  0.000417472137975  0.001447510673117  0.000000000000000  0.008759335203341
 -0.002660846863040  0.004612897272562  0.001976869176717  0.000000000000000
 -0.309532063389680 -0.007713073885217  0.000989002794316 -0.003567290569504
  0.000000000000000 -0.002630626344115 -0.005587939470154  0.002630626344115
  0.003897186697763  0.000225159175410 -0.000001871195644  0.000027460364391
  0.000000000000000  0.000043007025997 -0.000058813482776  0.000045489091877
  0.000028600535141  0.000000000000000 -0.000056704985503 -0.000068394626305
  0.000008052749281 -0.003897186697763 -0.000225159175410 -0.000001871195644
  0.000027460364391  0.000000000000000  0.000068394626305 -0.000043007025997
  0.000058813482776  0.000045489091877  0.000028600535141  0.000000000000000
  0.000056704985503 -0.000008052749281 -0.628694585120580 -0.024875613659482
  0.000417472137975  0.001447510673117  0.000000000000000  0.005587939470154
    8 Orbital Energy   -10.005956 Occupation  1.000000 Symmetry Ag      
 -0.027976418148637  0.007241970058168  0.000861135567170  0.003168601075879
  0.000000000000000 -0.339105924720806 -0.009165707395403 -0.000749804550171
  0.003497719175123  0.000000000000000 -0.612703890488041 -0.023737946921705
  0.000011458938470 -0.001690940863298  0.000000000000000 -0.027976418148637
  0.007241970058168 -0.000861135567170 -0.003168601075879  0.000000000000000
 -0.339105924720806 -0.009165707395403  0.000749804550171 -0.003497719175123
  0.000000000000000  0.003082833040769  0.005600319571072  0.003082833040769
 -0.014047291411541 -0.000614303001897  0.000003426065346 -0.000169436995525
  0.000000000000000  0.001065731706885  0.000278058510596 -0.000040627361079
 -0.000165113448179  0.000000000000000 -0.000066185073995  0.000218203873595
  0.000010520950984 -0.014047291411541 -0.000614303001897 -0.000003426065346
  0.000169436995525  0.000000000000000  0.000218203873595  0.001065731706885
  0.000278058510596  0.000040627361079  0.000165113448179  0.000000000000000
 -0.000066185073995  0.000010520950984 -0.612703890488041 -0.023737946921705
 -0.000011458938470  0.001690940863298  0.000000000000000  0.005600319571072
    9 Orbital Energy    -9.992184 Occupation  1.000000 Symmetry Bu      
  0.000175452396352  0.000159629186274 -0.000020767673337 -0.000050682289127
  0.000000000000000  0.000790291142990 -0.000014770166210 -0.000008989681420
  0.000104883996191  0.000000000000000 -0.000287047184641  0.000001950148730
  0.000004323802875  0.000080823140819  0.000000000000000 -0.000175452396352
 -0.000159629186274 -0.000020767673337 -0.000050682289127  0.000000000000000
 -0.000790291142990  0.000014770166210 -0.000008989681420  0.000104883996191
  0.000000000000000  0.000100907874126  0.000011969578509 -0.000100907874126
 -0.008892318482711  0.006896024131060  0.002996147604053  0.003452640362928
  0.000000000000000 -0.700479813664935 -0.030862946976157  0.000869303320601
  0.000945467123216  0.000000000000000  0.006356358034042 -0.000045538659485
  0.006374797839124  0.008892318482711 -0.006896024131060  0.002996147604053
  0.003452640362928  0.000000000000000  0.000045538659485  0.700479813664935
  0.030862946976157  0.000869303320601  0.000945467123216  0.000000000000000
 -0.006356358034042 -0.006374797839124  0.000287047184641 -0.000001950148730
  0.000004323802875  0.000080823140819  0.000000000000000 -0.000011969578509
   10 Orbital Energy    -9.992184 Occupation  1.000000 Symmetry Ag      
  0.000176633376554  0.000158115562093 -0.000022463337563 -0.000049519314421
  0.000000000000000  0.000853000704118 -0.000035723420973 -0.000004853404747
  0.000088341787691  0.000000000000000  0.000588003876475 -0.000059901986445
 -0.000016098939041 -0.000027798484599  0.000000000000000  0.000176633376554
  0.000158115562093  0.000022463337563  0.000049519314421  0.000000000000000
  0.000853000704118 -0.000035723420973  0.000004853404747 -0.000088341787691
  0.000000000000000  0.000101045867802 -0.000017006819309  0.000101045867802
  0.008896467762652 -0.006895776315886 -0.002995836154460 -0.003452319110161
  0.000000000000000  0.700479545512336  0.030862680075150 -0.000869248482653
 -0.000945229229969  0.000000000000000 -0.006356468899928  0.000045208372421
 -0.006374819975606  0.008896467762652 -0.006895776315886  0.002995836154460
  0.003452319110161  0.000000000000000  0.000045208372421  0.700479545512336
  0.030862680075150  0.000869248482653  0.000945229229969  0.000000000000000
 -0.006356468899928 -0.006374819975606  0.000588003876475 -0.000059901986445
  0.000016098939041  0.000027798484599  0.000000000000000 -0.000017006819309
   11 Orbital Energy    -0.809552 Occupation  1.000000 Symmetry Ag      
 -0.107830513616144  0.274615578175319 -0.006616183722792  0.040767651689765
  0.000000000000000 -0.097627238171640  0.246784495224255  0.045112462744435
  0.032622352373472  0.000000000000000 -0.097868346172113  0.246988182541906
  0.053511463942551 -0.013240984171955  0.000000000000000 -0.107830513616144
  0.274615578175319  0.006616183722792 -0.040767651689765  0.000000000000000
 -0.097627238171640  0.246784495224255 -0.045112462744435 -0.032622352373472
  0.000000000000000  0.045105056348712  0.044958982311401  0.045105056348712
 -0.049682923811013  0.127740818355805  0.013517330224817 -0.028150847875527
  0.000000000000000 -0.024625391459459  0.062587904513578 -0.011902582151427
 -0.020604098143156  0.000000000000000  0.014063412405730  0.025652923973913
  0.010577949040907 -0.049682923811013  0.127740818355805 -0.013517330224817
  0.028150847875527  0.000000000000000  0.025652923973913 -0.024625391459459
  0.062587904513578  0.011902582151427  0.020604098143156  0.000000000000000
  0.014063412405730  0.010577949040907 -0.097868346172113  0.246988182541906
 -0.053511463942551  0.013240984171955  0.000000000000000  0.044958982311401
   12 Orbital Energy    -0.754002 Occupation  1.000000 Symmetry Bu      
  0.103585747675195 -0.273831539863757 -0.005136084029634  0.032727826165406
  0.000000000000000  0.042910397509668 -0.112812449999352 -0.045803333041461
  0.045374329892589  0.000000000000000 -0.038899791103194  0.101788687047562
  0.025855266529250  0.059763205499074  0.000000000000000 -0.103585747675195
  0.273831539863757 -0.005136084029634  0.032727826165406  0.000000000000000
 -0.042910397509668  0.112812449999352 -0.045803333041461  0.045374329892589
  0.000000000000000 -0.030575451300610  0.026814481019297  0.030575451300610
 -0.113846368234770  0.297251478572903  0.034246568710772 -0.007727199571942
  0.000000000000000 -0.080716084058417  0.209314455997136 -0.036096889435598
 -0.050719952392417  0.000000000000000  0.048491194454098  0.067146142811118
  0.043738803556029  0.113846368234770 -0.297251478572903  0.034246568710772
 -0.007727199571942  0.000000000000000 -0.067146142811118  0.080716084058417
 -0.209314455997136 -0.036096889435598 -0.050719952392417  0.000000000000000
 -0.048491194454098 -0.043738803556029  0.038899791103194 -0.101788687047562
  0.025855266529250  0.059763205499074  0.000000000000000 -0.026814481019297
   13 Orbital Energy    -0.717959 Occupation  1.000000 Symmetry Ag      
  0.004647962524319 -0.015121655324837 -0.012943538337453  0.095884877279062
  0.000000000000000 -0.041779362754734  0.109035884558063  0.000913416097659
  0.047291388191968  0.000000000000000 -0.046218783825217  0.121176604650768
  0.016931220641173 -0.036718196570182  0.000000000000000  0.004647962524319
 -0.015121655324837  0.012943538337453 -0.095884877279062  0.000000000000000
 -0.041779362754734  0.109035884558063 -0.000913416097659 -0.047291388191968
  0.000000000000000  0.016810773730995  0.023245876541367  0.016810773730995
  0.119286132605065 -0.314914241669715 -0.043771964624833 -0.058430378864187
  0.000000000000000  0.117448554798958 -0.309752536410867  0.047808895840411
  0.053864945542850  0.000000000000000 -0.074112286584337 -0.076599945361745
 -0.074904676872023  0.119286132605065 -0.314914241669715  0.043771964624833
  0.058430378864187  0.000000000000000 -0.076599945361745  0.117448554798958
 -0.309752536410867 -0.047808895840411 -0.053864945542850  0.000000000000000
 -0.074112286584337 -0.074904676872023 -0.046218783825217  0.121176604650768
 -0.016931220641173  0.036718196570182  0.000000000000000  0.023245876541367
   14 Orbital Energy    -0.699810 Occupation  1.000000 Symmetry Bu      
 -0.012172938699640  0.032960938373625  0.124324495616420  0.025461338190580
  0.000000000000000  0.120399272484436 -0.324773489601036  0.036139851298124
 -0.064907160760526  0.000000000000000  0.132146384841112 -0.356616733421170
  0.002766635512870  0.056691931642484  0.000000000000000  0.012172938699640
 -0.032960938373625  0.124324495616420  0.025461338190580  0.000000000000000
 -0.120399272484436  0.324773489601036  0.036139851298124 -0.064907160760526
  0.000000000000000 -0.090217008189627 -0.098295797967792  0.090217008189627
  0.000573116530251 -0.002241434082696  0.022336241166686  0.018625410817904
  0.000000000000000 -0.014008517515930  0.036621390808609  0.001872784509135
 -0.006118722492900  0.000000000000000  0.014409139373127 -0.010168381460934
  0.008617203317570 -0.000573116530251  0.002241434082696  0.022336241166686
  0.018625410817904  0.000000000000000  0.010168381460934  0.014008517515930
 -0.036621390808609  0.001872784509135 -0.006118722492900  0.000000000000000
 -0.014409139373127 -0.008617203317570 -0.132146384841112  0.356616733421170
  0.002766635512870  0.056691931642484  0.000000000000000  0.098295797967792
   15 Orbital Energy    -0.667507 Occupation  1.000000 Symmetry Bu      
 -0.099688799602389  0.274100325648259 -0.018719239010277  0.056229271460238
  0.000000000000000 -0.072759316578171  0.200655964741790  0.055497071702875
 -0.045722278758521  0.000000000000000  0.041325005098103 -0.114195922029202
 -0.035543409310680 -0.092171397056540  0.000000000000000  0.099688799602389
 -0.274100325648259 -0.018719239010277  0.056229271460238  0.000000000000000
  0.072759316578171 -0.200655964741790  0.055497071702875 -0.045722278758521
  0.000000000000000  0.052784834542553 -0.032689960544715 -0.052784834542553
 -0.051600627484564  0.136761291436823  0.036134796194305  0.129934952942832
  0.000000000000000 -0.110357972552100  0.299730891901010 -0.034075010563300
 -0.017148645240801  0.000000000000000  0.077513695924200  0.037395867264964
  0.090060746834773  0.051600627484564 -0.136761291436823  0.036134796194305
  0.129934952942832  0.000000000000000 -0.037395867264964  0.110357972552100
 -0.299730891901010 -0.034075010563300 -0.017148645240801  0.000000000000000
 -0.077513695924200 -0.090060746834773 -0.041325005098103  0.114195922029202
 -0.035543409310680 -0.092171397056540  0.000000000000000  0.032689960544715
   16 Orbital Energy    -0.588708 Occupation  1.000000 Symmetry Ag      
 -0.071208755958828  0.206944963088538  0.121532469230833 -0.069634201744872
  0.000000000000000  0.081376537610216 -0.232184369712107  0.066361430085562
 -0.022773018165044  0.000000000000000 -0.002322387220412  0.008082169794414
  0.026198245440602  0.160310531486612  0.000000000000000 -0.071208755958828
  0.206944963088538 -0.121532469230833  0.069634201744872  0.000000000000000
  0.081376537610216 -0.232184369712107 -0.066361430085562  0.022773018165044
  0.000000000000000 -0.105465642682189  0.018584589649361 -0.105465642682189
 -0.053065033053616  0.159598250792010 -0.078008457999299 -0.131928380916498
  0.000000000000000  0.084162757384899 -0.242706952468000 -0.034381352414892
 -0.039636124732293  0.000000000000000 -0.103721760084953  0.080180077226667
 -0.098413410785096 -0.053065033053616  0.159598250792010  0.078008457999299
  0.131928380916498  0.000000000000000  0.080180077226667  0.084162757384899
 -0.242706952468000  0.034381352414892  0.039636124732293  0.000000000000000
 -0.103721760084953 -0.098413410785096 -0.002322387220412  0.008082169794414
 -0.026198245440602 -0.160310531486612  0.000000000000000  0.018584589649361
   17 Orbital Energy    -0.558949 Occupation  1.000000 Symmetry Ag      
 -0.054025300063220  0.159897728557022 -0.184322030857562 -0.067610378426212
  0.000000000000000 -0.057943903101649  0.172092335278966  0.090527366980291
 -0.167980330301151  0.000000000000000  0.110473323430868 -0.326171192590096
  0.082804151440591 -0.035827607843427  0.000000000000000 -0.054025300063220
  0.159897728557022  0.184322030857562  0.067610378426212  0.000000000000000
 -0.057943903101649  0.172092335278966 -0.090527366980291  0.167980330301151
  0.000000000000000  0.083590084189209 -0.169699769783505  0.083590084189209
 -0.007240830797792  0.023493350374057  0.049370302801570 -0.075585695838243
  0.000000000000000  0.037111931728174 -0.111281048489917  0.015300683215744
 -0.048844314308863  0.000000000000000 -0.022089868143136 -0.032899007206535
 -0.067027732076308 -0.007240830797792  0.023493350374057 -0.049370302801570
  0.075585695838243  0.000000000000000 -0.032899007206535  0.037111931728174
 -0.111281048489917 -0.015300683215744  0.048844314308863  0.000000000000000
 -0.022089868143136 -0.067027732076308  0.110473323430868 -0.326171192590096
 -0.082804151440591  0.035827607843427  0.000000000000000 -0.169699769783505
   18 Orbital Energy    -0.531668 Occupation  1.000000 Symmetry Bu      
 -0.013276692006242  0.037874076886379 -0.056968157024519  0.134072842677999
  0.000000000000000 -0.030372569326212  0.091977118592645  0.038294236068000
 -0.077089352820425  0.000000000000000  0.050705875388573 -0.154534093724455
 -0.005273317189924 -0.005469750758242  0.000000000000000  0.013276692006242
 -0.037874076886379 -0.056968157024519  0.134072842677999  0.000000000000000
  0.030372569326212 -0.091977118592645  0.038294236068000 -0.077089352820425
  0.000000000000000  0.054757144486377 -0.050231904408973 -0.054757144486377
 -0.098851295953816  0.302647625962503 -0.114979917075092 -0.044288216100791
  0.000000000000000  0.080783475615845 -0.249232191762100 -0.120457504605448
 -0.094717374656571  0.000000000000000 -0.160352537284745  0.170570265104090
 -0.124876420401523  0.098851295953816 -0.302647625962503 -0.114979917075092
 -0.044288216100791  0.000000000000000 -0.170570265104090 -0.080783475615845
  0.249232191762100 -0.120457504605448 -0.094717374656571  0.000000000000000
  0.160352537284745  0.124876420401523 -0.050705875388573  0.154534093724455
 -0.005273317189924 -0.005469750758242  0.000000000000000  0.050231904408973
   19 Orbital Energy    -0.510186 Occupation  1.000000 Symmetry Ag      
  0.054554426558548 -0.162128004275917 -0.016429965826607 -0.142857825564569
  0.000000000000000 -0.052501265676762  0.166818824731269 -0.201231681664616
 -0.041377782763310  0.000000000000000 -0.006581111775103  0.024230005965935
 -0.181527577556610 -0.093150177771166  0.000000000000000  0.054554426558548
 -0.162128004275917  0.016429965826607  0.142857825564569  0.000000000000000
 -0.052501265676762  0.166818824731269  0.201231681664616  0.041377782763310
  0.000000000000000  0.169707730000160  0.098222807398185  0.169707730000160
 -0.059190029560942  0.180894774931183 -0.064504203819804  0.000056986149334
  0.000000000000000  0.051438671792092 -0.163087486625233 -0.077283312844481
 -0.083698619521799  0.000000000000000 -0.094965599492232  0.112559940381958
 -0.096935048532865 -0.059190029560942  0.180894774931183  0.064504203819804
 -0.000056986149334  0.000000000000000  0.112559940381958  0.051438671792092
 -0.163087486625233  0.077283312844481  0.083698619521799  0.000000000000000
 -0.094965599492232 -0.096935048532865 -0.006581111775103  0.024230005965935
  0.181527577556610  0.093150177771166  0.000000000000000  0.098222807398185
   20 Orbital Energy    -0.457456 Occupation  1.000000 Symmetry Ag      
  0.032323240442483 -0.106545245242745 -0.054219849291274  0.131480547936715
  0.000000000000000 -0.019461445608926  0.055101395956332  0.082181416829396
  0.137924760022040  0.000000000000000  0.013167665386498 -0.050936141686771
  0.140679898384578 -0.137579051647168  0.000000000000000  0.032323240442483
 -0.106545245242745  0.054219849291274 -0.131480547936715  0.000000000000000
 -0.019461445608926  0.055101395956332 -0.082181416829396 -0.137924760022040
  0.000000000000000 -0.090730729791606 -0.135958427284432 -0.090730729791606
 -0.040047828094453  0.127253634210088 -0.119372033751788  0.181883516881916
  0.000000000000000  0.016788157274672 -0.063068391657259 -0.213126988009675
  0.003688596551314  0.000000000000000 -0.179070362449004  0.152640501966897
  0.021748775313851 -0.040047828094453  0.127253634210088  0.119372033751788
 -0.181883516881916  0.000000000000000  0.152640501966897  0.016788157274672
 -0.063068391657259  0.213126988009675 -0.003688596551314  0.000000000000000
 -0.179070362449004  0.021748775313851  0.013167665386498 -0.050936141686771
 -0.140679898384578  0.137579051647168  0.000000000000000 -0.135958427284432
   21 Orbital Energy    -0.439367 Occupation  1.000000 Symmetry Bu      
  0.023049422174084 -0.078997881139235  0.122268991219557  0.137834447390150
  0.000000000000000 -0.042348643631254  0.138137076513836 -0.100067549719291
  0.099088049492110  0.000000000000000  0.022210534697556 -0.074791803377857
  0.022765023208680 -0.184287182968963  0.000000000000000 -0.023049422174084
  0.078997881139235  0.122268991219557  0.137834447390150  0.000000000000000
  0.042348643631254 -0.138137076513836 -0.100067549719291  0.099088049492110
  0.000000000000000  0.061053722920778 -0.100187514600563 -0.061053722920778
 -0.016790200846626  0.051281886116905  0.222057584786045 -0.095098355367869
  0.000000000000000  0.008042221619679 -0.031044924205600  0.095434067181761
 -0.207488096549041  0.000000000000000  0.072449251193573 -0.155779821646437
 -0.177573906139180  0.016790200846626 -0.051281886116905  0.222057584786045
 -0.095098355367869  0.000000000000000  0.155779821646437 -0.008042221619679
  0.031044924205600  0.095434067181761 -0.207488096549041  0.000000000000000
 -0.072449251193573  0.177573906139180 -0.022210534697556  0.074791803377857
  0.022765023208680 -0.184287182968963  0.000000000000000  0.100187514600563
   22 Orbital Energy    -0.410615 Occupation  1.000000 Symmetry Bu      
  0.069192280027111 -0.234458768939973 -0.100169040378976 -0.028649909074899
  0.000000000000000 -0.044107539232793  0.153261913943751 -0.109953579783750
 -0.181409537267424  0.000000000000000  0.047680533645194 -0.163962541912431
  0.218426165202856  0.067097364527847  0.000000000000000 -0.069192280027111
  0.234458768939973 -0.100169040378976 -0.028649909074899  0.000000000000000
  0.044107539232793 -0.153261913943751 -0.109953579783750 -0.181409537267424
  0.000000000000000  0.231382198021703 -0.225253618942865 -0.231382198021703
  0.015163866653852 -0.041749260675085 -0.036781037188233 -0.127662599067211
  0.000000000000000 -0.011915158666287  0.049814540147818  0.073664973211040
  0.136416242325329  0.000000000000000  0.043446405405902 -0.026447459701962
  0.104980403291879 -0.015163866653852  0.041749260675085 -0.036781037188233
 -0.127662599067211  0.000000000000000  0.026447459701962  0.011915158666287
 -0.049814540147818  0.073664973211040  0.136416242325329  0.000000000000000
 -0.043446405405902 -0.104980403291879 -0.047680533645194  0.163962541912431
  0.218426165202856  0.067097364527847  0.000000000000000  0.225253618942865
   23 Orbital Energy    -0.397959 Occupation  1.000000 Symmetry Bu      
  0.022670328611333 -0.077050844668589  0.222744782715884 -0.138865842388316
  0.000000000000000  0.011713332171039 -0.036408692065478 -0.252108808361702
  0.049546198844059  0.000000000000000 -0.001144926330055  0.001054221757890
  0.006837029146519 -0.118836454601556  0.000000000000000 -0.022670328611333
  0.077050844668589  0.222744782715884 -0.138865842388316  0.000000000000000
 -0.011713332171039  0.036408692065478 -0.252108808361702  0.049546198844059
  0.000000000000000  0.133513680996360 -0.037214878584004 -0.133513680996360
  0.002469319338753 -0.014582960364855  0.037683454795815  0.183229117717633
  0.000000000000000 -0.001023603257691 -0.007673440431726 -0.252250310364344
  0.031532897249329  0.000000000000000 -0.215865356712466 -0.012132999548988
  0.087286688348410 -0.002469319338753  0.014582960364855  0.037683454795815
  0.183229117717633  0.000000000000000  0.012132999548988  0.001023603257691
  0.007673440431726 -0.252250310364344  0.031532897249329  0.000000000000000
  0.215865356712466 -0.087286688348410  0.001144926330055 -0.001054221757890
  0.006837029146519 -0.118836454601556  0.000000000000000  0.037214878584004
   24 Orbital Energy    -0.396050 Occupation  1.000000 Symmetry Ag      
  0.021638617219912 -0.071457075292239 -0.015682962968891  0.009716180744810
  0.000000000000000  0.018351959532110 -0.068366465134014  0.033962146546222
  0.136910317191555  0.000000000000000 -0.025328277167266  0.084641228884135
  0.007998349158310 -0.081146127938181  0.000000000000000  0.021638617219912
 -0.071457075292239  0.015682962968891 -0.009716180744810  0.000000000000000
  0.018351959532110 -0.068366465134014 -0.033962146546222 -0.136910317191555
  0.000000000000000 -0.113856144408915  0.006626107452960 -0.113856144408915
 -0.027619967205709  0.080477926986664  0.250072113010402  0.088486904389234
  0.000000000000000 -0.004499642780711  0.000086040771857 -0.003596410118696
 -0.339104185158198  0.000000000000000  0.023955715971631 -0.145717299624234
 -0.262070776933654 -0.027619967205709  0.080477926986664 -0.250072113010402
 -0.088486904389234  0.000000000000000 -0.145717299624234 -0.004499642780711
  0.000086040771857  0.003596410118696  0.339104185158198  0.000000000000000
  0.023955715971631 -0.262070776933654 -0.025328277167266  0.084641228884135
 -0.007998349158310  0.081146127938181  0.000000000000000  0.006626107452960
   25 Orbital Energy    -0.373990 Occupation  1.000000 Symmetry Bu      
 -0.003278657529133  0.011512179701971  0.083766003630085  0.079976908752163
  0.000000000000000  0.020140727565761 -0.063767059201595 -0.182671493492281
 -0.229237591496117  0.000000000000000  0.028516540654094 -0.090822169586861
 -0.312228037918560  0.137848649405648  0.000000000000000  0.003278657529133
 -0.011512179701971  0.083766003630085  0.079976908752163  0.000000000000000
 -0.020140727565761  0.063767059201595 -0.182671493492281 -0.229237591496117
  0.000000000000000  0.217041180101077  0.253712761309958 -0.217041180101077
  0.001828473874547 -0.004296473162553  0.019097816773067 -0.064563009169947
  0.000000000000000 -0.004263839484628  0.017767988119492  0.076610432992487
 -0.004702615909094  0.000000000000000  0.054351576468570 -0.014855567156561
 -0.016587607545123 -0.001828473874547  0.004296473162553  0.019097816773067
 -0.064563009169947  0.000000000000000  0.014855567156561  0.004263839484628
 -0.017767988119492  0.076610432992487 -0.004702615909094  0.000000000000000
 -0.054351576468570  0.016587607545123 -0.028516540654094  0.090822169586861
 -0.312228037918560  0.137848649405648  0.000000000000000 -0.253712761309958
   26 Orbital Energy    -0.351163 Occupation  1.000000 Symmetry Bu      
  0.002986935355792 -0.011013577973808  0.164491920640200  0.181156421016458
  0.000000000000000 -0.006611698022663  0.018512053881676 -0.075558442038594
  0.192891343459219  0.000000000000000  0.017343955922487 -0.062768774054578
 -0.096061761999843 -0.227427956057372  0.000000000000000 -0.002986935355792
  0.011013577973808  0.164491920640200  0.181156421016458  0.000000000000000
  0.006611698022663 -0.018512053881676 -0.075558442038594  0.192891343459219
  0.000000000000000 -0.047175207339214 -0.006620401351675  0.047175207339214
  0.001195654796399  0.011987482425319 -0.196875783459527 -0.191031892205850
  0.000000000000000  0.020503359870547 -0.056564778867253  0.112836095997194
  0.247959524579757  0.000000000000000  0.051088645605378  0.146009265304736
  0.157262299941413 -0.001195654796399 -0.011987482425319 -0.196875783459527
 -0.191031892205850  0.000000000000000 -0.146009265304736 -0.020503359870547
  0.056564778867253  0.112836095997194  0.247959524579757  0.000000000000000
 -0.051088645605378 -0.157262299941413 -0.017343955922487  0.062768774054578
 -0.096061761999843 -0.227427956057372  0.000000000000000  0.006620401351675
   27 Orbital Energy    -0.347287 Occupation  1.000000 Symmetry Ag      
  0.025164405795062 -0.090566323221348  0.087280924283070  0.000746968419227
  0.000000000000000 -0.007565765011625  0.025431884259179 -0.065387434697062
  0.139511555135630  0.000000000000000  0.005304098028004 -0.026945079630275
  0.130643585550165 -0.131964344925280  0.000000000000000  0.025164405795062
 -0.090566323221348 -0.087280924283070 -0.000746968419227  0.000000000000000
 -0.007565765011625  0.025431884259179  0.065387434697062 -0.139511555135630
  0.000000000000000  0.005893375045875 -0.155802757797426  0.005893375045875
 -0.017043017671657  0.071835707731356 -0.205818475758725 -0.092988915925348
  0.000000000000000  0.010457252943057 -0.026833308151540  0.296634204352657
 -0.041515648827184  0.000000000000000  0.268075181270833  0.199977399196414
 -0.143653221633286 -0.017043017671657  0.071835707731356  0.205818475758725
  0.092988915925348  0.000000000000000  0.199977399196414  0.010457252943057
 -0.026833308151540 -0.296634204352657  0.041515648827184  0.000000000000000
  0.268075181270833 -0.143653221633286  0.005304098028004 -0.026945079630275
 -0.130643585550165  0.131964344925280  0.000000000000000 -0.155802757797426
   28 Orbital Energy    -0.324546 Occupation  1.000000 Symmetry Au      
  0.000000000000000  0.000000000000000  0.000000000000000  0.000000000000000
  0.337532842490307  0.000000000000000  0.000000000000000  0.000000000000000
  0.000000000000000  0.297247561234781  0.000000000000000  0.000000000000000
  0.000000000000000  0.000000000000000  0.297858615204614  0.000000000000000
  0.000000000000000  0.000000000000000  0.000000000000000  0.337532842490307
  0.000000000000000  0.000000000000000  0.000000000000000  0.000000000000000
  0.297247561234781  0.000000000000000  0.000000000000000  0.000000000000000
  0.000000000000000  0.000000000000000  0.000000000000000  0.000000000000000
  0.174019074117271  0.000000000000000  0.000000000000000  0.000000000000000
  0.000000000000000  0.092475327428540  0.000000000000000  0.000000000000000
  0.000000000000000  0.000000000000000  0.000000000000000  0.000000000000000
  0.000000000000000  0.174019074117271  0.000000000000000  0.000000000000000
  0.000000000000000  0.000000000000000  0.000000000000000  0.092475327428540
  0.000000000000000  0.000000000000000  0.000000000000000  0.000000000000000
  0.000000000000000  0.000000000000000  0.297858615204614  0.000000000000000
   29 Orbital Energy    -0.311259 Occupation  1.000000 Symmetry Bu      
  0.010609339641478 -0.046092648773379 -0.097473729555271  0.240201163305429
  0.000000000000000 -0.013747876318899  0.047228692720620  0.143180410894484
 -0.005922170308630  0.000000000000000  0.007078780864835 -0.021934924622224
 -0.067083690103121  0.039881267704205  0.000000000000000 -0.010609339641478
  0.046092648773379 -0.097473729555271  0.240201163305429  0.000000000000000
  0.013747876318899 -0.047228692720620  0.143180410894484 -0.005922170308630
  0.000000000000000 -0.052595099134058  0.047557451399417  0.052595099134058
 -0.002551474299464  0.005952270070645  0.220961427115157 -0.164535055105870
  0.000000000000000 -0.003430592634347  0.014198078895217 -0.202373360379617
  0.132741712223198  0.000000000000000 -0.230552870067733 -0.258781301315224
  0.212988550424582  0.002551474299464 -0.005952270070645  0.220961427115157
 -0.164535055105870  0.000000000000000  0.258781301315224  0.003430592634347
 -0.014198078895217 -0.202373360379617  0.132741712223198  0.000000000000000
  0.230552870067733 -0.212988550424582 -0.007078780864835  0.021934924622224
 -0.067083690103121  0.039881267704205  0.000000000000000 -0.047557451399417
   30 Orbital Energy    -0.292813 Occupation  1.000000 Symmetry Ag      
 -0.003577900065490  0.023441515455984 -0.118601210762103 -0.273171794402126
  0.000000000000000 -0.008575653237967  0.023590875083927  0.070495036760235
  0.237557288570405  0.000000000000000  0.002266466236597 -0.007341750911714
 -0.122069731053938 -0.281760837325282  0.000000000000000 -0.003577900065490
  0.023441515455984  0.118601210762103  0.273171794402126  0.000000000000000
 -0.008575653237967  0.023590875083927 -0.070495036760235 -0.237557288570405
  0.000000000000000 -0.237681986737710  0.016133649752486 -0.237681986737710
 -0.019943956793671  0.082899675694370  0.053302952670398 -0.248411365530761
  0.000000000000000  0.008287960132752 -0.021205589809891  0.020186307425099
  0.146497318918250  0.000000000000000 -0.055757493810072 -0.070728785025247
  0.137796014260753 -0.019943956793671  0.082899675694370 -0.053302952670398
  0.248411365530761  0.000000000000000 -0.070728785025247  0.008287960132752
 -0.021205589809891 -0.020186307425099 -0.146497318918250  0.000000000000000
 -0.055757493810072  0.137796014260753  0.002266466236597 -0.007341750911714
  0.122069731053938  0.281760837325282  0.000000000000000  0.016133649752486
   31 Orbital Energy    -0.287487 Occupation  1.000000 Symmetry Ag      
  0.007091868512782 -0.034147242519363 -0.300783709658851  0.082159537584875
  0.000000000000000 -0.007986726802145  0.023053914844306  0.283732012595199
 -0.085846901546488  0.000000000000000  0.011964684365972 -0.035399598139194
 -0.226313316740383  0.038354018366056  0.000000000000000  0.007091868512782
 -0.034147242519363  0.300783709658851 -0.082159537584875  0.000000000000000
 -0.007986726802145  0.023053914844306 -0.283732012595199  0.085846901546488
  0.000000000000000 -0.156251545519513  0.259116485070092 -0.156251545519513
  0.010718556156759 -0.036801557864904 -0.137928220630138  0.104403607831195
  0.000000000000000  0.004805160870580 -0.018718681745861  0.109707537926251
 -0.032294852496609  0.000000000000000  0.113904079604741  0.180786585767423
 -0.087018988611920  0.010718556156759 -0.036801557864904  0.137928220630138
 -0.104403607831195  0.000000000000000  0.180786585767423  0.004805160870580
 -0.018718681745861 -0.109707537926251  0.032294852496609  0.000000000000000
  0.113904079604741 -0.087018988611920  0.011964684365972 -0.035399598139194
  0.226313316740383 -0.038354018366056  0.000000000000000  0.259116485070092
   32 Orbital Energy    -0.263567 Occupation  1.000000 Symmetry Bg      
  0.000000000000000  0.000000000000000  0.000000000000000  0.000000000000000
  0.348869703456625  0.000000000000000  0.000000000000000  0.000000000000000
  0.000000000000000  0.132852426400183  0.000000000000000  0.000000000000000
  0.000000000000000  0.000000000000000 -0.130679716867830  0.000000000000000
  0.000000000000000  0.000000000000000  0.000000000000000 -0.348869703456625
  0.000000000000000  0.000000000000000  0.000000000000000  0.000000000000000
 -0.132852426400183  0.000000000000000  0.000000000000000  0.000000000000000
  0.000000000000000  0.000000000000000  0.000000000000000  0.000000000000000
 -0.376559905610761  0.000000000000000  0.000000000000000  0.000000000000000
  0.000000000000000 -0.271456529486432  0.000000000000000  0.000000000000000
  0.000000000000000  0.000000000000000  0.000000000000000  0.000000000000000
  0.000000000000000  0.376559905610761  0.000000000000000  0.000000000000000
  0.000000000000000  0.000000000000000  0.000000000000000  0.271456529486432
  0.000000000000000  0.000000000000000  0.000000000000000  0.000000000000000
  0.000000000000000  0.000000000000000  0.130679716867830  0.000000000000000
   33 Orbital Energy    -0.212440 Occupation  1.000000 Symmetry Au      
  0.000000000000000  0.000000000000000  0.000000000000000  0.000000000000000
  0.017934337246428  0.000000000000000  0.000000000000000  0.000000000000000
  0.000000000000000  0.176753138041488  0.000000000000000  0.000000000000000
  0.000000000000000  0.000000000000000  0.179193412522873  0.000000000000000
  0.000000000000000  0.000000000000000  0.000000000000000  0.017934337246428
  0.000000000000000  0.000000000000000  0.000000000000000  0.000000000000000
  0.176753138041488  0.000000000000000  0.000000000000000  0.000000000000000
  0.000000000000000  0.000000000000000  0.000000000000000  0.000000000000000
 -0.413761638725313  0.000000000000000  0.000000000000000  0.000000000000000
  0.000000000000000 -0.417905991249487  0.000000000000000  0.000000000000000
  0.000000000000000  0.000000000000000  0.000000000000000  0.000000000000000
  0.000000000000000 -0.413761638725313  0.000000000000000  0.000000000000000
  0.000000000000000  0.000000000000000  0.000000000000000 -0.417905991249487
  0.000000000000000  0.000000000000000  0.000000000000000  0.000000000000000
  0.000000000000000  0.000000000000000  0.179193412522873  0.000000000000000
   34 Orbital Energy    -0.195079 Occupation  1.000000 Symmetry Bg      
  0.000000000000000  0.000000000000000  0.000000000000000  0.000000000000000
 -0.004727198029044  0.000000000000000  0.000000000000000  0.000000000000000
  0.000000000000000  0.458229121355944  0.000000000000000  0.000000000000000
  0.000000000000000  0.000000000000000  0.463035052958077  0.000000000000000
  0.000000000000000  0.000000000000000  0.000000000000000  0.004727198029044
  0.000000000000000  0.000000000000000  0.000000000000000  0.000000000000000
 -0.458229121355944  0.000000000000000  0.000000000000000  0.000000000000000
  0.000000000000000  0.000000000000000  0.000000000000000  0.000000000000000
  0.002218106113049  0.000000000000000  0.000000000000000  0.000000000000000
  0.000000000000000 -0.007346742301076  0.000000000000000  0.000000000000000
  0.000000000000000  0.000000000000000  0.000000000000000  0.000000000000000
  0.000000000000000 -0.002218106113049  0.000000000000000  0.000000000000000
  0.000000000000000  0.000000000000000  0.000000000000000  0.007346742301076
  0.000000000000000  0.000000000000000  0.000000000000000  0.000000000000000
  0.000000000000000  0.000000000000000 -0.463035052958077  0.000000000000000
   35 Orbital Energy    -0.153087 Occupation  1.000000 Symmetry Bg      
  0.000000000000000  0.000000000000000  0.000000000000000  0.000000000000000
  0.387610617513005  0.000000000000000  0.000000000000000  0.000000000000000
  0.000000000000000  0.228623099889856  0.000000000000000  0.000000000000000
  0.000000000000000  0.000000000000000 -0.217163693025061  0.000000000000000
  0.000000000000000  0.000000000000000  0.000000000000000 -0.387610617513005
  0.000000000000000  0.000000000000000  0.000000000000000  0.000000000000000
 -0.228623099889856  0.000000000000000  0.000000000000000  0.000000000000000
  0.000000000000000  0.000000000000000  0.000000000000000  0.000000000000000
  0.223501398839945  0.000000000000000  0.000000000000000  0.000000000000000
  0.000000000000000  0.397441880540530  0.000000000000000  0.000000000000000
  0.000000000000000  0.000000000000000  0.000000000000000  0.000000000000000
  0.000000000000000 -0.223501398839945  0.000000000000000  0.000000000000000
  0.000000000000000  0.000000000000000  0.000000000000000 -0.397441880540530
  0.000000000000000  0.000000000000000  0.000000000000000  0.000000000000000
  0.000000000000000  0.000000000000000  0.217163693025061  0.000000000000000
   36 Orbital Energy     0.037415 Occupation  0.000000 Symmetry Au      
  0.000000000000000  0.000000000000000  0.000000000000000  0.000000000000000
  0.442559065848264  0.000000000000000  0.000000000000000  0.000000000000000
  0.000000000000000 -0.276484236845708  0.000000000000000  0.000000000000000
  0.000000000000000  0.000000000000000 -0.233060457233218  0.000000000000000
  0.000000000000000  0.000000000000000  0.000000000000000  0.442559065848264
  0.000000000000000  0.000000000000000  0.000000000000000  0.000000000000000
 -0.276484236845708  0.000000000000000  0.000000000000000  0.000000000000000
  0.000000000000000  0.000000000000000  0.000000000000000  0.000000000000000
  0.256248869906446  0.000000000000000  0.000000000000000  0.000000000000000
  0.000000000000000 -0.449860676930108  0.000000000000000  0.000000000000000
  0.000000000000000  0.000000000000000  0.000000000000000  0.000000000000000
  0.000000000000000  0.256248869906446  0.000000000000000  0.000000000000000
  0.000000000000000  0.000000000000000  0.000000000000000 -0.449860676930108
  0.000000000000000  0.000000000000000  0.000000000000000  0.000000000000000
  0.000000000000000  0.000000000000000 -0.233060457233218  0.000000000000000
   37 Orbital Energy     0.090335 Occupation  0.000000 Symmetry Au      
  0.000000000000000  0.000000000000000  0.000000000000000  0.000000000000000
 -0.031475858949155  0.000000000000000  0.000000000000000  0.000000000000000
  0.000000000000000 -0.553557257950703  0.000000000000000  0.000000000000000
  0.000000000000000  0.000000000000000  0.582563947716109  0.000000000000000
  0.000000000000000  0.000000000000000  0.000000000000000 -0.031475858949155
  0.000000000000000  0.000000000000000  0.000000000000000  0.000000000000000
 -0.553557257950703  0.000000000000000  0.000000000000000  0.000000000000000
  0.000000000000000  0.000000000000000  0.000000000000000  0.000000000000000
  0.004724306678261  0.000000000000000  0.000000000000000  0.000000000000000
  0.000000000000000  0.009603749217538  0.000000000000000  0.000000000000000
  0.000000000000000  0.000000000000000  0.000000000000000  0.000000000000000
  0.000000000000000  0.004724306678261  0.000000000000000  0.000000000000000
  0.000000000000000  0.000000000000000  0.000000000000000  0.009603749217538
  0.000000000000000  0.000000000000000  0.000000000000000  0.000000000000000
  0.000000000000000  0.000000000000000  0.582563947716109  0.000000000000000
   38 Orbital Energy     0.110618 Occupation  0.000000 Symmetry Bg      
  0.000000000000000  0.000000000000000  0.000000000000000  0.000000000000000
  0.023130778386373  0.000000000000000  0.000000000000000  0.000000000000000
  0.000000000000000 -0.232053577004651  0.000000000000000  0.000000000000000
  0.000000000000000  0.000000000000000  0.240601969943520  0.000000000000000
  0.000000000000000  0.000000000000000  0.000000000000000 -0.023130778386373
  0.000000000000000  0.000000000000000  0.000000000000000  0.000000000000000
  0.232053577004651  0.000000000000000  0.000000000000000  0.000000000000000
  0.000000000000000  0.000000000000000  0.000000000000000  0.000000000000000
 -0.522267254226481  0.000000000000000  0.000000000000000  0.000000000000000
  0.000000000000000  0.523127121508992  0.000000000000000  0.000000000000000
  0.000000000000000  0.000000000000000  0.000000000000000  0.000000000000000
  0.000000000000000  0.522267254226481  0.000000000000000  0.000000000000000
  0.000000000000000  0.000000000000000  0.000000000000000 -0.523127121508992
  0.000000000000000  0.000000000000000  0.000000000000000  0.000000000000000
  0.000000000000000  0.000000000000000 -0.240601969943520  0.000000000000000
   39 Orbital Energy     0.182181 Occupation  0.000000 Symmetry Au      
  0.000000000000000  0.000000000000000  0.000000000000000  0.000000000000000
 -0.497469513412026  0.000000000000000  0.000000000000000  0.000000000000000
  0.000000000000000  0.199828631966573  0.000000000000000  0.000000000000000
  0.000000000000000  0.000000000000000  0.166185135836671  0.000000000000000
  0.000000000000000  0.000000000000000  0.000000000000000 -0.497469513412026
  0.000000000000000  0.000000000000000  0.000000000000000  0.000000000000000
  0.199828631966573  0.000000000000000  0.000000000000000  0.000000000000000
  0.000000000000000  0.000000000000000  0.000000000000000  0.000000000000000
  0.529076488422338  0.000000000000000  0.000000000000000  0.000000000000000
  0.000000000000000 -0.379480894406574  0.000000000000000  0.000000000000000
  0.000000000000000  0.000000000000000  0.000000000000000  0.000000000000000
  0.000000000000000  0.529076488422338  0.000000000000000  0.000000000000000
  0.000000000000000  0.000000000000000  0.000000000000000 -0.379480894406574
  0.000000000000000  0.000000000000000  0.000000000000000  0.000000000000000
  0.000000000000000  0.000000000000000  0.166185135836671  0.000000000000000
   40 Orbital Energy     0.272492 Occupation  0.000000 Symmetry Bg      
  0.000000000000000  0.000000000000000  0.000000000000000  0.000000000000000
 -0.543556549034195  0.000000000000000  0.000000000000000  0.000000000000000
  0.000000000000000  0.467231876584621  0.000000000000000  0.000000000000000
  0.000000000000000  0.000000000000000 -0.464155786699476  0.000000000000000
  0.000000000000000  0.000000000000000  0.000000000000000  0.543556549034195
  0.000000000000000  0.000000000000000  0.000000000000000  0.000000000000000
 -0.467231876584621  0.000000000000000  0.000000000000000  0.000000000000000
  0.000000000000000  0.000000000000000  0.000000000000000  0.000000000000000
 -0.287596200029845  0.000000000000000  0.000000000000000  0.000000000000000
  0.000000000000000  0.155902110171620  0.000000000000000  0.000000000000000
  0.000000000000000  0.000000000000000  0.000000000000000  0.000000000000000
  0.000000000000000  0.287596200029845  0.000000000000000  0.000000000000000
  0.000000000000000  0.000000000000000  0.000000000000000 -0.155902110171620
  0.000000000000000  0.000000000000000  0.000000000000000  0.000000000000000
  0.000000000000000  0.000000000000000  0.464155786699476  0.000000000000000
   41 Orbital Energy     0.332209 Occupation  0.000000 Symmetry Ag      
  0.068286112068647 -0.401979575736109 -0.095304889399394  0.270111689408781
  0.000000000000000  0.046363632412480 -0.280008566924625  0.199291735000828
  0.128228010181997  0.000000000000000  0.028052720774330 -0.172742350244105
  0.306565497919802 -0.044746359924003  0.000000000000000  0.068286112068647
 -0.401979575736109  0.095304889399394 -0.270111689408781  0.000000000000000
  0.046363632412480 -0.280008566924625 -0.199291735000828 -0.128228010181997
  0.000000000000000  0.422994196323251  0.413426750777243  0.422994196323251
 -0.049206044019045  0.277411807507401  0.255257539514090 -0.332911385685551
  0.000000000000000  0.039758717195290 -0.230139461073244  0.145290285795649
 -0.144736809462492  0.000000000000000 -0.113668083853571  0.149074938536342
  0.356310362881255 -0.049206044019045  0.277411807507401 -0.255257539514090
  0.332911385685551  0.000000000000000  0.149074938536342  0.039758717195290
 -0.230139461073244 -0.145290285795649  0.144736809462492  0.000000000000000
 -0.113668083853571  0.356310362881255  0.028052720774330 -0.172742350244105
 -0.306565497919802  0.044746359924003  0.000000000000000  0.413426750777243
   42 Orbital Energy     0.340717 Occupation  0.000000 Symmetry Bu      
  0.034470957168063 -0.202396306957168 -0.287472668298720  0.129568023641290
  0.000000000000000 -0.015855464578938  0.096258454059825 -0.282485473541539
  0.000455279184218  0.000000000000000  0.006297124609705 -0.030762254790361
 -0.355643729561272  0.001178193825835  0.000000000000000 -0.034470957168063
  0.202396306957168 -0.287472668298720  0.129568023641290  0.000000000000000
  0.015855464578938 -0.096258454059825 -0.282485473541539  0.000455279184218
  0.000000000000000 -0.268267399687149 -0.319809378659497  0.268267399687149
 -0.007680182953134  0.047134631178997 -0.350507651865760  0.210482001552835
  0.000000000000000 -0.002542127720821  0.019206039501789 -0.306944218083625
  0.160217285890741  0.000000000000000  0.323881539440856 -0.434772349368302
 -0.285954979220066  0.007680182953134 -0.047134631178997 -0.350507651865760
  0.210482001552835  0.000000000000000  0.434772349368302  0.002542127720821
 -0.019206039501789 -0.306944218083625  0.160217285890741  0.000000000000000
 -0.323881539440856  0.285954979220066 -0.006297124609705  0.030762254790361
 -0.355643729561272  0.001178193825835  0.000000000000000  0.319809378659497
   43 Orbital Energy     0.379340 Occupation  0.000000 Symmetry Bu      
  0.057763264869402 -0.335142822163772  0.087670288656429  0.462799404085363
  0.000000000000000 -0.004420066489919  0.019340031923691  0.262165182467460
  0.329962526062271  0.000000000000000  0.025027847093958 -0.152404817334977
  0.128932336573446  0.234127114624810  0.000000000000000 -0.057763264869402
  0.335142822163772  0.087670288656429  0.462799404085363  0.000000000000000
  0.004420066489919 -0.019340031923691  0.262165182467460  0.329962526062271
  0.000000000000000  0.411652605172937  0.118598169864782 -0.411652605172937
  0.092806230339675 -0.542359581269352 -0.066465471837135  0.331050432015892
  0.000000000000000 -0.049646655187309  0.289976318450677 -0.105904108534470
  0.137493070024579  0.000000000000000  0.014499696313485  0.157331270767278
 -0.346357154213404 -0.092806230339675  0.542359581269352 -0.066465471837135
  0.331050432015892  0.000000000000000 -0.157331270767278  0.049646655187309
 -0.289976318450677 -0.105904108534470  0.137493070024579  0.000000000000000
 -0.014499696313485  0.346357154213404 -0.025027847093958  0.152404817334977
  0.128932336573446  0.234127114624810  0.000000000000000 -0.118598169864782
   44 Orbital Energy     0.381447 Occupation  0.000000 Symmetry Ag      
  0.023197649516468 -0.139880313495679 -0.099049251768124 -0.078551209401876
  0.000000000000000 -0.021147832661097  0.134773859156439 -0.170241393425960
 -0.213239580674622  0.000000000000000 -0.064511513079179  0.393984463728267
 -0.006661907189073  0.125529003552007  0.000000000000000  0.023197649516468
 -0.139880313495679  0.099049251768124  0.078551209401876  0.000000000000000
 -0.021147832661097  0.134773859156439  0.170241393425960  0.213239580674622
  0.000000000000000 -0.300768990048188 -0.293808267837004 -0.300768990048188
  0.063548461614829 -0.382170561589823  0.335596352937943 -0.064746320349984
  0.000000000000000 -0.021051740084280  0.117810659682232  0.309990458077717
 -0.229102513784016  0.000000000000000 -0.394286559646530  0.575862214952380
  0.248510894748671  0.063548461614829 -0.382170561589823 -0.335596352937943
  0.064746320349984  0.000000000000000  0.575862214952380 -0.021051740084280
  0.117810659682232 -0.309990458077717  0.229102513784016  0.000000000000000
 -0.394286559646530  0.248510894748671 -0.064511513079179  0.393984463728267
  0.006661907189073 -0.125529003552007  0.000000000000000 -0.293808267837004
   45 Orbital Energy     0.410977 Occupation  0.000000 Symmetry Ag      
 -0.051358551760953  0.310155612991805 -0.258468384771198 -0.161027823160945
  0.000000000000000  0.101157565340706 -0.618238514209560 -0.039190727668128
 -0.014730586544845  0.000000000000000 -0.073682259280949  0.450761626117615
 -0.041691059065263 -0.162131665112688  0.000000000000000 -0.051358551760953
  0.310155612991805  0.258468384771198  0.161027823160945  0.000000000000000
  0.101157565340706 -0.618238514209560  0.039190727668128  0.014730586544845
  0.000000000000000  0.221022269857949 -0.229084371648961  0.221022269857949
  0.024039067136738 -0.153187028356806  0.136585134583399  0.236338140511719
  0.000000000000000  0.104029430900031 -0.651344608748550 -0.231262584405795
 -0.084800952266360  0.000000000000000  0.511224543677715  0.171580296409678
  0.325661694535636  0.024039067136738 -0.153187028356806 -0.136585134583399
 -0.236338140511719  0.000000000000000  0.171580296409678  0.104029430900031
 -0.651344608748550  0.231262584405795  0.084800952266360  0.000000000000000
  0.511224543677715  0.325661694535636 -0.073682259280949  0.450761626117615
  0.041691059065263  0.162131665112688  0.000000000000000 -0.229084371648961
&
&hess
   1
   1  9.475306E-01
   2  5.119691E-03  8.904888E-01
   3  0.000000E+00 -3.081488E-33  4.195664E-01
   4 -4.207934E-01  5.574747E-02  0.000000E+00  9.288272E-01
   5  6.652187E-02 -2.721961E-01  0.000000E+00  2.595626E-02  9.533630E-01
   6  0.000000E+00  0.000000E+00 -2.156088E-01  0.000000E+00  0.000000E+00
   7  1.545311E-02  4.213037E-02  0.000000E+00 -2.443648E-01  3.676458E-02
   8  2.923905E-03  7.971545E-03 -3.081488E-33  4.909346E-02 -4.634746E-01
   9  0.000000E+00  0.000000E+00  3.300602E-02  9.244464E-33  0.000000E+00
  10 -4.187232E-05  2.191012E-04  0.000000E+00  3.003949E-02  5.683813E-03
  11  2.191012E-04 -1.146470E-03  0.000000E+00 -3.328264E-02 -6.297455E-03
  12  0.000000E+00  0.000000E+00 -1.008708E-02  1.232595E-32  6.162976E-33
  13  3.003949E-02 -3.328264E-02 -1.232595E-32 -9.347597E-04 -8.082946E-04
  14  5.683813E-03 -6.297455E-03 -6.162976E-33 -8.082946E-04 -6.989391E-04
  15  0.000000E+00  0.000000E+00  3.379339E-02  0.000000E+00 -1.232595E-32
  16 -8.281105E-03 -2.257707E-02  0.000000E+00 -3.087587E-01 -1.472949E-01
  17  9.836658E-03  2.681803E-02 -6.162976E-33 -1.467303E-01 -2.573219E-01
  18  0.000000E+00  0.000000E+00  3.758325E-02  0.000000E+00  0.000000E+00
  19 -4.358370E-16 -1.794709E-16  0.000000E+00  1.204248E-02  2.278574E-03
  20 -9.892728E-17  1.185375E-17  1.155558E-33  3.514425E-02  6.649692E-03
  21  0.000000E+00  0.000000E+00  6.415169E-03  0.000000E+00  0.000000E+00
  22 -6.177382E-16  2.420030E-16  0.000000E+00  8.781638E-16 -8.939269E-17
  23 -2.192742E-16 -7.746084E-16  6.162976E-33  3.562497E-16  1.477892E-15
  24  0.000000E+00  0.000000E+00  6.433136E-03  0.000000E+00  0.000000E+00
  25  1.086147E-15  2.658028E-16  0.000000E+00 -3.065795E-08 -2.520770E-07
  26  1.316767E-16  1.083209E-15  0.000000E+00 -2.520770E-07 -2.072637E-06
  27  1.540744E-33  0.000000E+00 -1.165602E-15  0.000000E+00  0.000000E+00
  28 -4.272159E-15  7.186290E-16  0.000000E+00 -1.231551E-15  2.971514E-16
  29  3.580727E-15  7.577641E-16 -3.081488E-33  1.529060E-15 -8.521823E-16
  30 -2.465190E-32 -2.465190E-32  7.589970E-16 -4.930381E-32  1.848893E-32
  31 -1.135798E-15 -9.229806E-17  0.000000E+00 -7.215535E-16 -2.139200E-16
  32  1.205720E-15  1.805550E-16  0.000000E+00  2.374894E-16  9.298891E-17
  33  0.000000E+00  0.000000E+00 -4.888189E-17  0.000000E+00  0.000000E+00
  34  4.794883E-18 -2.821398E-16  0.000000E+00  6.733499E-16  2.289691E-16
  35  6.305762E-17 -1.796984E-16  0.000000E+00  6.710397E-16  6.932827E-17
  36  0.000000E+00 -3.081488E-33  1.833992E-16 -1.540744E-33  0.000000E+00
  37  1.057191E-15  2.299162E-16  6.162976E-33  2.829623E-16 -6.890577E-16
  38 -1.409970E-15 -7.219015E-17  0.000000E+00 -1.471762E-15  7.317240E-16
  39  1.540744E-33  0.000000E+00 -5.261022E-17  0.000000E+00 -6.162976E-33
  40 -2.403098E-01  2.601700E-02 -1.232595E-32  1.435366E-02  3.913288E-02
  41  2.867732E-02 -3.406754E-01  0.000000E+00  3.286495E-03  8.960087E-03
  42  1.540744E-33  0.000000E+00 -2.073938E-01  6.162976E-33  0.000000E+00
  43  6.890686E-03  1.577731E-03 -1.232595E-32 -4.073823E-16 -1.669025E-16
  44  3.375625E-02  7.729023E-03  0.000000E+00  1.118926E-16 -4.366043E-16
  45  0.000000E+00  0.000000E+00  2.984593E-02  0.000000E+00  7.703720E-34
  46  3.350319E-02  7.671082E-03  0.000000E+00 -2.352831E-05  8.790530E-05
  47 -2.862468E-02 -6.554069E-03  1.232595E-32  8.790530E-05 -3.284274E-04
  48  0.000000E+00 -6.162976E-33  3.903238E-02 -2.465190E-32  0.000000E+00
  49 -9.480388E-06 -1.360762E-05  0.000000E+00 -3.187651E-07 -3.096740E-06
  50 -1.360762E-05 -1.953161E-05 -1.232595E-32 -3.096740E-06 -3.008421E-05
  51  0.000000E+00  0.000000E+00 -9.248895E-03  0.000000E+00  0.000000E+00
  52  4.700302E-17  8.506722E-16  0.000000E+00  1.301919E-17 -1.162562E-16
  53 -1.092941E-15 -2.527041E-16 -1.232595E-32 -1.271887E-15  3.537266E-16
  54  0.000000E+00  0.000000E+00  9.105235E-03  0.000000E+00  0.000000E+00
  55 -3.558867E-01 -9.157781E-02  0.000000E+00 -1.038731E-02 -2.831929E-02
  56 -1.004770E-01 -3.322922E-01  0.000000E+00  1.150876E-02  3.137672E-02
  57  0.000000E+00  6.162976E-33 -2.088019E-01 -2.465190E-32  0.000000E+00
  58 -8.094740E-03  8.968672E-03  3.081488E-33 -1.281246E-16 -4.817022E-16
  59 -2.362334E-02  2.617379E-02  0.000000E+00  3.844846E-16 -8.523330E-17
  60  0.000000E+00  0.000000E+00  3.635962E-02  7.703720E-34  0.000000E+00
   6
   6  4.502790E-01
   7  0.000000E+00  9.445279E-01
   8  0.000000E+00 -2.848661E-02  9.336478E-01
   9 -2.246652E-01 -6.162976E-33  0.000000E+00  4.458863E-01
  10  0.000000E+00 -3.558867E-01 -1.004770E-01  0.000000E+00  9.475306E-01
  11  0.000000E+00 -9.157781E-02 -3.322922E-01 -6.162976E-33  5.119691E-03
  12  3.379339E-02  0.000000E+00  0.000000E+00 -2.088019E-01  0.000000E+00
  13  0.000000E+00 -1.038731E-02  1.150876E-02  2.465190E-32 -4.207934E-01
  14  0.000000E+00 -2.831929E-02  3.137672E-02  0.000000E+00  6.652187E-02
  15 -8.632694E-03  0.000000E+00 -3.081488E-33  2.958448E-02  0.000000E+00
  16  0.000000E+00  2.394847E-02  4.531322E-03  0.000000E+00 -6.177382E-16
  17  0.000000E+00 -2.844704E-02 -5.382503E-03  1.232595E-32 -2.192742E-16
  18 -1.462387E-01  0.000000E+00  3.081488E-33  3.953372E-02  0.000000E+00
  19 -1.540744E-33 -3.996349E-01  9.126871E-02  0.000000E+00 -8.094740E-03
  20  3.081488E-33  9.099504E-02 -1.644604E-01  0.000000E+00 -2.362334E-02
  21  3.970762E-02 -3.081488E-33  0.000000E+00 -1.445902E-01  0.000000E+00
  22  0.000000E+00 -4.031207E-16  4.909054E-16  0.000000E+00 -8.281105E-03
  23 -1.232595E-32  5.182326E-16 -3.368005E-16 -1.232595E-32  9.836658E-03
  24 -1.574958E-16  6.162976E-33  0.000000E+00  5.471456E-03  0.000000E+00
  25  0.000000E+00  2.790224E-02 -3.091465E-02  4.930381E-32 -2.403098E-01
  26  0.000000E+00  6.388656E-03 -7.078395E-03  0.000000E+00  2.867732E-02
  27  4.149962E-03  0.000000E+00  1.232595E-32  2.906218E-02 -1.540744E-33
  28  0.000000E+00 -4.736745E-07 -1.020139E-06  3.081488E-33  3.350319E-02
  29  0.000000E+00 -1.020139E-06 -2.197045E-06 -6.162976E-33 -2.862468E-02
  30 -3.556899E-16  0.000000E+00  4.930381E-32  2.147469E-03  0.000000E+00
  31  0.000000E+00 -2.620551E-16  3.860942E-16  0.000000E+00 -9.480388E-06
  32  1.232595E-32  1.143590E-16 -5.928007E-16 -3.081488E-33 -1.360762E-05
  33 -2.233479E-17  0.000000E+00 -6.162976E-33 -8.534957E-17  0.000000E+00
  34  2.465190E-32 -2.193546E-06  1.620207E-05  0.000000E+00  6.890686E-03
  35  0.000000E+00  1.620207E-05 -1.196725E-04 -1.232595E-32  3.375625E-02
  36 -1.016091E-16  0.000000E+00  7.703720E-34 -2.313463E-03  0.000000E+00
  37  0.000000E+00  8.343327E-16 -6.607093E-16 -1.540744E-33  4.700302E-17
  38  6.162976E-33 -1.981033E-15  7.010629E-16  0.000000E+00 -1.092941E-15
  39  2.842499E-16  6.162976E-33  1.232595E-32 -2.399251E-16  0.000000E+00
  40  2.465190E-32 -4.294713E-07  7.406453E-07  2.465190E-32  1.086147E-15
  41  0.000000E+00  7.406453E-07 -1.277281E-06  6.162976E-33  1.316767E-16
  42  3.207825E-02  0.000000E+00  0.000000E+00  4.341240E-03 -1.540744E-33
  43  0.000000E+00  8.798362E-18  7.750003E-16  0.000000E+00  4.794883E-18
  44  0.000000E+00  8.837119E-16 -2.318646E-16  0.000000E+00  6.305762E-17
  45  2.411876E-03  0.000000E+00  0.000000E+00 -5.222860E-17  0.000000E+00
  46 -6.162976E-33  6.843269E-16  2.555560E-15  0.000000E+00 -4.272159E-15
  47  0.000000E+00  1.597388E-15 -1.228033E-16  0.000000E+00  3.580727E-15
  48 -2.238821E-03  0.000000E+00  0.000000E+00 -7.793094E-16  2.465190E-32
  49  0.000000E+00 -8.877571E-16 -3.745472E-16  4.622232E-33 -1.135798E-15
  50  0.000000E+00 -8.843134E-18  5.722279E-17  0.000000E+00  1.205720E-15
  51 -2.784527E-16  3.081488E-33 -6.162976E-33 -5.240988E-17  0.000000E+00
  52 -1.540744E-33  6.880327E-16  6.259522E-16  0.000000E+00  1.057191E-15
  53  6.162976E-33 -1.490407E-15  1.216428E-16  0.000000E+00 -1.409970E-15
  54 -4.542819E-16  0.000000E+00  0.000000E+00 -4.142901E-17 -1.540744E-33
  55  0.000000E+00 -1.554937E-03  5.361649E-04  6.162976E-33  1.545311E-02
  56  3.081488E-33  5.361649E-04 -1.848775E-04  0.000000E+00  2.923905E-03
  57  2.958448E-02  0.000000E+00  0.000000E+00 -8.662109E-03  0.000000E+00
  58  0.000000E+00  1.856013E-16  2.114385E-17 -1.540744E-33 -4.358370E-16
  59 -6.162976E-33  1.124033E-15  4.763359E-17  6.162976E-33 -9.892728E-17
  60  5.379623E-03  0.000000E+00 -2.311116E-33 -2.335541E-17  0.000000E+00
  11
  11  8.904888E-01
  12  3.081488E-33  4.195664E-01
  13  5.574747E-02  0.000000E+00  9.288272E-01
  14 -2.721961E-01  0.000000E+00  2.595626E-02  9.533630E-01
  15  0.000000E+00 -2.156088E-01  0.000000E+00  0.000000E+00  4.502790E-01
  16  2.420030E-16  0.000000E+00  8.781638E-16 -8.939269E-17  0.000000E+00
  17 -7.746084E-16 -6.162976E-33  3.562497E-16  1.477892E-15  1.232595E-32
  18  0.000000E+00  6.433136E-03  0.000000E+00  0.000000E+00 -1.574958E-16
  19  8.968672E-03 -3.081488E-33 -1.281246E-16 -4.817022E-16  0.000000E+00
  20  2.617379E-02  0.000000E+00  3.844846E-16 -8.523330E-17  6.162976E-33
  21  0.000000E+00  3.635962E-02 -7.703720E-34  0.000000E+00  5.379623E-03
  22 -2.257707E-02  0.000000E+00 -3.087587E-01 -1.472949E-01  0.000000E+00
  23  2.681803E-02  6.162976E-33 -1.467303E-01 -2.573219E-01  0.000000E+00
  24  0.000000E+00  3.758325E-02  0.000000E+00  0.000000E+00 -1.462387E-01
  25  2.601700E-02  1.232595E-32  1.435366E-02  3.913288E-02 -2.465190E-32
  26 -3.406754E-01  0.000000E+00  3.286495E-03  8.960087E-03  0.000000E+00
  27  0.000000E+00 -2.073938E-01 -6.162976E-33  0.000000E+00  3.207825E-02
  28  7.671082E-03  0.000000E+00 -2.352831E-05  8.790530E-05  6.162976E-33
  29 -6.554069E-03 -1.232595E-32  8.790530E-05 -3.284274E-04  0.000000E+00
  30  6.162976E-33  3.903238E-02  2.465190E-32  0.000000E+00 -2.238821E-03
  31 -1.360762E-05  0.000000E+00 -3.187651E-07 -3.096740E-06  0.000000E+00
  32 -1.953161E-05  1.232595E-32 -3.096740E-06 -3.008421E-05  0.000000E+00
  33  0.000000E+00 -9.248895E-03  0.000000E+00  0.000000E+00 -2.784527E-16
  34  1.577731E-03  1.232595E-32 -4.073823E-16 -1.669025E-16  0.000000E+00
  35  7.729023E-03  0.000000E+00  1.118926E-16 -4.366043E-16  0.000000E+00
  36  0.000000E+00  2.984593E-02  0.000000E+00 -7.703720E-34  2.411876E-03
  37  8.506722E-16  0.000000E+00  1.301919E-17 -1.162562E-16  1.540744E-33
  38 -2.527041E-16  1.232595E-32 -1.271887E-15  3.537266E-16 -6.162976E-33
  39  0.000000E+00  9.105235E-03  0.000000E+00  0.000000E+00 -4.542819E-16
  40  2.658028E-16  0.000000E+00 -3.065795E-08 -2.520770E-07  0.000000E+00
  41  1.083209E-15  0.000000E+00 -2.520770E-07 -2.072637E-06  0.000000E+00
  42  0.000000E+00 -1.165602E-15  0.000000E+00  0.000000E+00  4.149962E-03
  43 -2.821398E-16  0.000000E+00  6.733499E-16  2.289691E-16 -2.465190E-32
  44 -1.796984E-16  0.000000E+00  6.710397E-16  6.932827E-17  0.000000E+00
  45  3.081488E-33  1.833992E-16  1.540744E-33  0.000000E+00 -1.016091E-16
  46  7.186290E-16  0.000000E+00 -1.231551E-15  2.971514E-16  0.000000E+00
  47  7.577641E-16  3.081488E-33  1.529060E-15 -8.521823E-16  0.000000E+00
  48  2.465190E-32  7.589970E-16  4.930381E-32 -1.848893E-32 -3.556899E-16
  49 -9.229806E-17  0.000000E+00 -7.215535E-16 -2.139200E-16  0.000000E+00
  50  1.805550E-16  0.000000E+00  2.374894E-16  9.298891E-17 -1.232595E-32
  51  0.000000E+00 -4.888189E-17  0.000000E+00  0.000000E+00 -2.233479E-17
  52  2.299162E-16 -6.162976E-33  2.829623E-16 -6.890577E-16  0.000000E+00
  53 -7.219015E-17  0.000000E+00 -1.471762E-15  7.317240E-16 -6.162976E-33
  54  0.000000E+00 -5.261022E-17  0.000000E+00  6.162976E-33  2.842499E-16
  55  4.213037E-02  0.000000E+00 -2.443648E-01  3.676458E-02  0.000000E+00
  56  7.971545E-03  3.081488E-33  4.909346E-02 -4.634746E-01  0.000000E+00
  57  0.000000E+00  3.300602E-02 -9.244464E-33  0.000000E+00 -2.246652E-01
  58 -1.794709E-16  0.000000E+00  1.204248E-02  2.278574E-03  1.540744E-33
  59  1.185375E-17 -1.155558E-33  3.514425E-02  6.649692E-03 -3.081488E-33
  60  0.000000E+00  6.415169E-03  0.000000E+00  0.000000E+00  3.970762E-02
  16
  16  2.931388E-01
  17  1.653041E-01  2.359226E-01
  18  3.081488E-33  0.000000E+00  7.088411E-02
  19  3.132517E-17  1.399969E-16  0.000000E+00  3.957223E-01
  20  2.057384E-16  1.235328E-17  1.540744E-33 -1.024749E-01  1.316848E-01
  21 -1.540744E-33  0.000000E+00 -8.182675E-03  5.777790E-34  9.629650E-35
  22 -6.929746E-16 -5.089303E-16  0.000000E+00  7.704480E-17 -9.175177E-17
  23 -5.086520E-16 -4.746210E-16  0.000000E+00  1.435289E-16 -5.575102E-17
  24  3.851860E-34  0.000000E+00  6.407512E-17  1.540744E-33  1.540744E-33
  25  3.652979E-16  2.472233E-16  0.000000E+00 -3.513470E-05 -4.103444E-05
  26 -9.296961E-17 -4.831971E-16  0.000000E+00 -4.103444E-05 -4.792485E-05
  27  6.162976E-33  0.000000E+00 -1.977328E-16  0.000000E+00  0.000000E+00
  28  5.625375E-16 -2.132137E-16  0.000000E+00  9.114606E-17 -5.329199E-16
  29 -3.957927E-16 -2.389774E-16  0.000000E+00 -3.567503E-16  7.123364E-16
  30  2.465190E-32  2.465190E-32 -2.350515E-17  0.000000E+00  0.000000E+00
  31 -8.397961E-17 -1.531180E-16  0.000000E+00 -8.076742E-17 -1.837186E-16
  32 -3.255677E-17 -3.330209E-17  7.703720E-34  2.501924E-17 -5.451211E-17
  33  0.000000E+00  0.000000E+00  6.664318E-17  0.000000E+00  0.000000E+00
  34 -3.495843E-16 -3.689820E-16  0.000000E+00 -2.406971E-16 -1.062898E-16
  35  1.387229E-16  3.627185E-17  7.703720E-34  7.966456E-17  8.768372E-17
  36 -3.851860E-34  0.000000E+00 -3.777689E-18  0.000000E+00  0.000000E+00
  37  8.176473E-17  4.529840E-17  0.000000E+00  3.745855E-17 -1.954434E-16
  38 -7.536260E-17  3.949870E-17  0.000000E+00 -1.385544E-17 -5.547773E-17
  39  0.000000E+00  0.000000E+00 -5.050599E-17  0.000000E+00  1.540744E-33
  40 -3.282316E-05  1.625765E-05  0.000000E+00  4.198609E-16 -8.431812E-16
  41  1.625765E-05 -8.052588E-06  0.000000E+00  1.452680E-16 -4.460268E-16
  42  0.000000E+00 -1.232595E-32 -5.484323E-03  1.540744E-33  1.540744E-33
  43 -3.951328E-17  1.413749E-16  0.000000E+00 -9.508668E-17  2.704612E-16
  44 -2.672093E-17 -1.303961E-16 -3.851860E-34  2.226830E-16 -9.637735E-17
  45  0.000000E+00  0.000000E+00 -2.607881E-17  0.000000E+00  0.000000E+00
  46 -1.469297E-05  2.034927E-05  0.000000E+00  3.518714E-16 -7.685336E-16
  47  2.034927E-05 -2.818307E-05  1.540744E-33 -9.085376E-17  9.669406E-17
  48  0.000000E+00  2.465190E-32 -2.029726E-16  0.000000E+00  0.000000E+00
  49 -1.893262E-16 -1.487005E-16  0.000000E+00  1.546331E-17 -1.919185E-17
  50  8.270241E-17  3.844620E-17  0.000000E+00  5.477913E-17  2.315628E-16
  51  0.000000E+00  0.000000E+00 -4.531197E-17  0.000000E+00  0.000000E+00
  52  9.126834E-17 -8.761453E-17  1.155558E-33 -2.161563E-17 -2.814095E-16
  53 -1.866485E-16 -5.964495E-18  0.000000E+00  1.080475E-16  1.309244E-16
  54  0.000000E+00  0.000000E+00 -1.457932E-17  0.000000E+00  0.000000E+00
  55 -4.031207E-16  5.182326E-16 -6.162976E-33  1.856013E-16  1.124033E-15
  56  4.909054E-16 -3.368005E-16  0.000000E+00  2.114385E-17  4.763359E-17
  57  0.000000E+00  1.232595E-32  5.471456E-03  1.540744E-33 -6.162976E-33
  58  7.704480E-17  1.435289E-16 -1.540744E-33 -6.096682E-17  3.999752E-17
  59 -9.175177E-17 -5.575102E-17 -1.540744E-33  4.023244E-17  3.867131E-17
  60 -7.703720E-34  1.540744E-33 -1.107861E-16  0.000000E+00  0.000000E+00
  21
  21  7.008308E-02
  22  7.703720E-34  2.931388E-01
  23 -1.540744E-33  1.653041E-01  2.359226E-01
  24 -1.107861E-16 -3.081488E-33  0.000000E+00  7.088411E-02
  25 -1.540744E-33 -3.282316E-05  1.625765E-05  0.000000E+00  9.700413E-01
  26  0.000000E+00  1.625765E-05 -8.052588E-06  0.000000E+00  9.387632E-02
  27 -5.172252E-03  0.000000E+00  1.232595E-32 -5.484323E-03  0.000000E+00
  28  1.540744E-33 -1.469297E-05  2.034927E-05  0.000000E+00 -3.803583E-01
  29  0.000000E+00  2.034927E-05 -2.818307E-05 -1.540744E-33 -1.683979E-01
  30  3.232792E-16  0.000000E+00 -2.465190E-32 -2.029726E-16  9.860761E-32
  31 -7.703720E-34 -1.893262E-16 -1.487005E-16  0.000000E+00 -4.112051E-03
  32  1.540744E-33  8.270241E-17  3.844620E-17  0.000000E+00 -2.977492E-02
  33  7.221034E-18  0.000000E+00  0.000000E+00 -4.531197E-17  0.000000E+00
  34  0.000000E+00 -3.951328E-17  1.413749E-16  0.000000E+00 -4.159861E-01
  35  0.000000E+00 -2.672093E-17 -1.303961E-16  3.851860E-34  6.066890E-02
  36  7.981495E-17  0.000000E+00  0.000000E+00 -2.607881E-17  0.000000E+00
  37  0.000000E+00  9.126834E-17 -8.761453E-17 -1.155558E-33  2.853750E-02
  38  0.000000E+00 -1.866485E-16 -5.964495E-18  0.000000E+00  9.416672E-03
  39  6.358733E-17  0.000000E+00  0.000000E+00 -1.457932E-17  0.000000E+00
  40  0.000000E+00  3.652979E-16  2.472233E-16  0.000000E+00 -1.623543E-15
  41  0.000000E+00 -9.296961E-17 -4.831971E-16  0.000000E+00 -5.388197E-16
  42  5.859862E-17 -6.162976E-33  0.000000E+00 -1.977328E-16  0.000000E+00
  43  3.081488E-33 -3.495843E-16 -3.689820E-16  0.000000E+00  7.618588E-16
  44 -3.851860E-34  1.387229E-16  3.627185E-17 -7.703720E-34 -1.719958E-16
  45 -1.211802E-17  3.851860E-34  0.000000E+00 -3.777689E-18  0.000000E+00
  46 -3.081488E-33  5.625375E-16 -2.132137E-16  0.000000E+00  1.581792E-15
  47  0.000000E+00 -3.957927E-16 -2.389774E-16  0.000000E+00 -2.670491E-15
  48  2.154662E-16 -2.465190E-32 -2.465190E-32 -2.350515E-17  0.000000E+00
  49  0.000000E+00 -8.397961E-17 -1.531180E-16  0.000000E+00  7.262085E-16
  50  1.348151E-33 -3.255677E-17 -3.330209E-17 -7.703720E-34 -5.724349E-16
  51  3.130820E-17  0.000000E+00  0.000000E+00  6.664318E-17  0.000000E+00
  52 -3.851860E-34  8.176473E-17  4.529840E-17  0.000000E+00  2.963226E-17
  53 -7.703720E-34 -7.536260E-17  3.949870E-17  0.000000E+00  4.928830E-16
  54  4.044987E-17  0.000000E+00  0.000000E+00 -5.050599E-17  0.000000E+00
  55  0.000000E+00  2.394847E-02 -2.844704E-02  0.000000E+00 -4.294713E-07
  56  2.311116E-33  4.531322E-03 -5.382503E-03 -3.081488E-33  7.406453E-07
  57 -2.335541E-17  0.000000E+00 -1.232595E-32  3.953372E-02 -2.465190E-32
  58 -3.851860E-34  3.132517E-17  1.399969E-16  0.000000E+00  4.198609E-16
  59  7.703720E-34  2.057384E-16  1.235328E-17 -1.540744E-33 -8.431812E-16
  60 -8.885756E-17  1.540744E-33  0.000000E+00 -8.182675E-03  0.000000E+00
  26
  26  8.951428E-01
  27  0.000000E+00  4.468133E-01
  28 -1.697354E-01 -6.162976E-33  9.482411E-01
  29 -4.314030E-01  0.000000E+00  7.248287E-02  9.651801E-01
  30 -1.232595E-32 -2.522548E-01  0.000000E+00  0.000000E+00  4.659373E-01
  31  3.513281E-03 -1.232595E-32 -4.304638E-01  4.016212E-02  0.000000E+00
  32  2.543929E-02  0.000000E+00  2.992357E-02 -1.437867E-01 -1.232595E-32
  33  0.000000E+00  4.416457E-02  0.000000E+00  0.000000E+00 -1.500948E-01
  34  5.839971E-02 -2.311116E-33 -5.987563E-03  5.115693E-03  0.000000E+00
  35 -1.422806E-01  0.000000E+00 -2.933201E-02  2.506087E-02 -2.465190E-32
  36  0.000000E+00 -1.346820E-01  0.000000E+00  0.000000E+00  4.123065E-02
  37 -2.438205E-02  0.000000E+00 -1.648959E-01  7.915467E-02 -1.540744E-33
  38 -8.045478E-03  0.000000E+00  8.888270E-02 -4.081384E-01  0.000000E+00
  39  0.000000E+00  4.437771E-02  6.162976E-33  0.000000E+00 -1.437594E-01
  40 -5.805557E-16  0.000000E+00  1.581792E-15 -2.670491E-15  0.000000E+00
  41 -3.552062E-16  0.000000E+00  2.392655E-15 -1.299029E-15  0.000000E+00
  42  0.000000E+00  1.395137E-15  2.465190E-32  0.000000E+00 -1.039171E-15
  43  5.085073E-16  0.000000E+00 -7.453857E-17  1.046761E-15 -9.860761E-32
  44 -1.104911E-16  1.540744E-33 -1.075996E-15  4.242732E-16  0.000000E+00
  45 -3.081488E-33 -2.061943E-16 -1.540744E-33  6.162976E-33  5.520055E-17
  46  2.392655E-15 -2.465190E-32  3.070423E-15 -1.931208E-15  0.000000E+00
  47 -1.299029E-15  0.000000E+00 -1.916773E-15  6.447035E-15  0.000000E+00
  48  0.000000E+00 -1.039171E-15  0.000000E+00  0.000000E+00  5.042099E-16
  49 -4.875945E-16  0.000000E+00  1.482725E-15 -1.258052E-15  0.000000E+00
  50 -2.350954E-16  0.000000E+00 -9.662424E-16  5.174600E-16  2.465190E-32
  51  0.000000E+00  9.610166E-17 -6.162976E-33  0.000000E+00  3.133511E-17
  52  1.614997E-16  1.540744E-33 -1.907381E-15 -1.000405E-15  0.000000E+00
  53  6.094722E-17  3.081488E-33  3.214564E-15 -1.384815E-15  1.232595E-32
  54  0.000000E+00  3.441914E-16  3.081488E-33  0.000000E+00 -2.359134E-16
  55  7.406453E-07  0.000000E+00  6.843269E-16  1.597388E-15  0.000000E+00
  56 -1.277281E-06  0.000000E+00  2.555560E-15 -1.228033E-16  0.000000E+00
  57 -6.162976E-33  4.341240E-03  0.000000E+00  0.000000E+00 -7.793094E-16
  58  1.452680E-16 -1.540744E-33  3.518714E-16 -9.085376E-17  0.000000E+00
  59 -4.460268E-16 -1.540744E-33 -7.685336E-16  9.669406E-17  0.000000E+00
  60  0.000000E+00  5.859862E-17  3.081488E-33  0.000000E+00  2.154662E-16
  31
  31  4.282874E-01
  32 -4.573697E-02  1.033485E-01
  33  0.000000E+00  0.000000E+00  6.417566E-02
  34  1.865948E-16 -1.764919E-16  0.000000E+00  4.150851E-01
  35 -1.434326E-16 -1.245747E-16  0.000000E+00 -6.510934E-02  1.096104E-01
  36  0.000000E+00  0.000000E+00  1.155195E-02  0.000000E+00  0.000000E+00
  37  6.298261E-03  4.560503E-02  0.000000E+00 -2.732143E-18 -9.459470E-17
  38  2.078271E-03  1.504854E-02 -3.851860E-34  9.077684E-17  1.735044E-16
  39  0.000000E+00  0.000000E+00  3.945147E-02 -6.162976E-33  0.000000E+00
  40  7.262085E-16 -5.724349E-16  0.000000E+00  7.618588E-16 -1.719958E-16
  41 -4.875945E-16 -2.350954E-16  0.000000E+00  5.085073E-16 -1.104911E-16
  42  0.000000E+00  0.000000E+00  9.610166E-17  0.000000E+00 -1.540744E-33
  43 -1.756563E-16  1.020130E-16  7.703720E-34 -5.341328E-16  1.764472E-16
  44  2.019540E-16  2.521058E-16  7.703720E-34  1.762633E-16 -1.469503E-16
  45 -7.703720E-34  0.000000E+00  4.073942E-17  1.540744E-33  0.000000E+00
  46  1.482725E-15 -9.662424E-16  6.162976E-33 -7.453857E-17 -1.075996E-15
  47 -1.258052E-15  5.174600E-16  0.000000E+00  1.046761E-15  4.242732E-16
  48  0.000000E+00 -2.465190E-32  3.133511E-17  9.860761E-32  0.000000E+00
  49 -1.468532E-16 -1.209012E-16 -3.851860E-34 -1.756563E-16  2.019540E-16
  50 -1.205533E-16  2.329000E-16  0.000000E+00  1.020130E-16  2.521058E-16
  51  0.000000E+00  0.000000E+00 -1.653659E-17 -7.703720E-34 -7.703720E-34
  52  2.225319E-16  2.501503E-16 -1.540744E-33 -1.533304E-16 -2.513066E-16
  53  9.468489E-17 -1.647496E-16  0.000000E+00  3.482990E-16  3.258282E-16
  54  3.851860E-34  0.000000E+00  8.922823E-19  0.000000E+00  0.000000E+00
  55 -8.877571E-16 -8.843134E-18 -3.081488E-33  8.798362E-18  8.837119E-16
  56 -3.745472E-16  5.722279E-17  6.162976E-33  7.750003E-16 -2.318646E-16
  57 -4.622232E-33  0.000000E+00 -5.240988E-17  0.000000E+00  0.000000E+00
  58  1.546331E-17  5.477913E-17  0.000000E+00 -9.508668E-17  2.226830E-16
  59 -1.919185E-17  2.315628E-16  0.000000E+00  2.704612E-16 -9.637735E-17
  60  0.000000E+00 -1.348151E-33  3.130820E-17 -3.081488E-33  3.851860E-34
  36
  36  6.332757E-02
  37  0.000000E+00  1.300601E-01
  38  0.000000E+00 -1.003776E-01  4.011353E-01
  39 -1.137252E-02  0.000000E+00 -6.162976E-33  6.219750E-02
  40  0.000000E+00  2.963226E-17  4.928830E-16  0.000000E+00  9.700413E-01
  41  3.081488E-33  1.614997E-16  6.094722E-17  0.000000E+00  9.387632E-02
  42 -2.061943E-16 -1.540744E-33 -3.081488E-33  3.441914E-16  0.000000E+00
  43  0.000000E+00 -1.533304E-16  3.482990E-16  0.000000E+00 -4.159861E-01
  44  0.000000E+00 -2.513066E-16  3.258282E-16  0.000000E+00  6.066890E-02
  45  4.737017E-18  0.000000E+00  0.000000E+00 -1.787916E-17  0.000000E+00
  46  1.540744E-33 -1.907381E-15  3.214564E-15 -3.081488E-33 -3.803583E-01
  47 -6.162976E-33 -1.000405E-15 -1.384815E-15  0.000000E+00 -1.683979E-01
  48  5.520055E-17  0.000000E+00 -1.232595E-32 -2.359134E-16 -9.860761E-32
  49  7.703720E-34  2.225319E-16  9.468489E-17 -3.851860E-34 -4.112051E-03
  50  0.000000E+00  2.501503E-16 -1.647496E-16  0.000000E+00 -2.977492E-02
  51  4.073942E-17  1.540744E-33  0.000000E+00  8.922823E-19  0.000000E+00
  52  0.000000E+00 -1.019280E-16  4.910580E-16  0.000000E+00  2.853750E-02
  53  0.000000E+00  4.910868E-16 -2.319924E-16  0.000000E+00  9.416672E-03
  54 -1.787916E-17  0.000000E+00  0.000000E+00  3.116665E-17  0.000000E+00
  55  0.000000E+00  6.880327E-16 -1.490407E-15  0.000000E+00  2.790224E-02
  56  0.000000E+00  6.259522E-16  1.216428E-16  0.000000E+00 -3.091465E-02
  57 -5.222860E-17  0.000000E+00  0.000000E+00 -4.142901E-17 -4.930381E-32
  58  0.000000E+00 -2.161563E-17  1.080475E-16  0.000000E+00 -3.513470E-05
  59  0.000000E+00 -2.814095E-16  1.309244E-16  0.000000E+00 -4.103444E-05
  60 -1.211802E-17  3.851860E-34  7.703720E-34  4.044987E-17  1.540744E-33
  41
  41  8.951428E-01
  42  0.000000E+00  4.468133E-01
  43  5.839971E-02  2.311116E-33  4.150851E-01
  44 -1.422806E-01  0.000000E+00 -6.510934E-02  1.096104E-01
  45  0.000000E+00 -1.346820E-01  0.000000E+00  0.000000E+00  6.332757E-02
  46 -1.697354E-01  6.162976E-33 -5.987563E-03 -2.933201E-02  0.000000E+00
  47 -4.314030E-01  0.000000E+00  5.115693E-03  2.506087E-02  0.000000E+00
  48  1.232595E-32 -2.522548E-01  0.000000E+00  2.465190E-32  4.123065E-02
  49  3.513281E-03  1.232595E-32  1.865948E-16 -1.434326E-16  0.000000E+00
  50  2.543929E-02  0.000000E+00 -1.764919E-16 -1.245747E-16  0.000000E+00
  51  0.000000E+00  4.416457E-02  0.000000E+00  0.000000E+00  1.155195E-02
  52 -2.438205E-02  0.000000E+00 -2.732143E-18 -9.459470E-17  0.000000E+00
  53 -8.045478E-03  0.000000E+00  9.077684E-17  1.735044E-16  0.000000E+00
  54  0.000000E+00  4.437771E-02  6.162976E-33  0.000000E+00 -1.137252E-02
  55  6.388656E-03  0.000000E+00 -2.193546E-06  1.620207E-05  0.000000E+00
  56 -7.078395E-03 -1.232595E-32  1.620207E-05 -1.196725E-04 -7.703720E-34
  57  0.000000E+00  2.906218E-02  0.000000E+00  1.232595E-32 -2.313463E-03
  58 -4.103444E-05  0.000000E+00 -2.406971E-16  7.966456E-17  0.000000E+00
  59 -4.792485E-05  0.000000E+00 -1.062898E-16  8.768372E-17  0.000000E+00
  60  0.000000E+00 -5.172252E-03  0.000000E+00  0.000000E+00  7.981495E-17
  46
  46  9.482411E-01
  47  7.248287E-02  9.651801E-01
  48  0.000000E+00  0.000000E+00  4.659373E-01
  49 -4.304638E-01  4.016212E-02  0.000000E+00  4.282874E-01
  50  2.992357E-02 -1.437867E-01  1.232595E-32 -4.573697E-02  1.033485E-01
  51  0.000000E+00  0.000000E+00 -1.500948E-01  0.000000E+00  0.000000E+00
  52 -1.648959E-01  7.915467E-02  1.540744E-33  6.298261E-03  4.560503E-02
  53  8.888270E-02 -4.081384E-01  0.000000E+00  2.078271E-03  1.504854E-02
  54 -6.162976E-33  0.000000E+00 -1.437594E-01  0.000000E+00  0.000000E+00
  55 -4.736745E-07 -1.020139E-06  0.000000E+00 -2.620551E-16  1.143590E-16
  56 -1.020139E-06 -2.197045E-06 -4.930381E-32  3.860942E-16 -5.928007E-16
  57 -3.081488E-33  6.162976E-33  2.147469E-03  0.000000E+00  3.081488E-33
  58  9.114606E-17 -3.567503E-16  0.000000E+00 -8.076742E-17  2.501924E-17
  59 -5.329199E-16  7.123364E-16  0.000000E+00 -1.837186E-16 -5.451211E-17
  60 -1.540744E-33  0.000000E+00  3.232792E-16  7.703720E-34 -1.540744E-33
  51
  51  6.417566E-02
  52  0.000000E+00  1.300601E-01
  53  3.851860E-34 -1.003776E-01  4.011353E-01
  54  3.945147E-02  0.000000E+00  6.162976E-33  6.219750E-02
  55  0.000000E+00  8.343327E-16 -1.981033E-15 -6.162976E-33  9.445279E-01
  56  6.162976E-33 -6.607093E-16  7.010629E-16 -1.232595E-32 -2.848661E-02
  57 -8.534957E-17  1.540744E-33  0.000000E+00 -2.399251E-16  6.162976E-33
  58  0.000000E+00  3.745855E-17 -1.385544E-17  0.000000E+00 -3.996349E-01
  59  0.000000E+00 -1.954434E-16 -5.547773E-17 -1.540744E-33  9.099504E-02
  60  7.221034E-18  0.000000E+00  0.000000E+00  6.358733E-17  3.081488E-33
  56
  56  9.336478E-01
  57  0.000000E+00  4.458863E-01
  58  9.126871E-02  0.000000E+00  3.957223E-01
  59 -1.644604E-01  0.000000E+00 -1.024749E-01  1.316848E-01
  60  0.000000E+00 -1.445902E-01 -5.777790E-34 -9.629650E-35  7.008308E-02
&
