$dipgrad          cartesian dipole gradients
  -.35637745789876D+00  -.86507761643493D-17  -.10721474613237D-16
  -.25512783632206D-16  0.93288720117396D-01  -.11757356199738D-09
  0.79707755775370D-16  -.82830310058762D-09  0.16756581942751D+00
  0.17818872894938D+00  -.10646235927429D-16  0.38119895393195D-17
  0.93813066419408D-16  -.46644359489927D-01  0.17176868716979D+00
  -.51107294518288D-16  0.20141425829692D+00  -.83782909765621D-01
  0.17818872894937D+00  0.19297012091778D-16  0.69094850739180D-17
  -.68300282787202D-16  -.46644360627490D-01  -.17176868705222D+00
  -.28600461257084D-16  -.20141425746857D+00  -.83782909661908D-01
$end
