$hessian (projected)
 1  1   0.0000000000   0.0000000000   0.0000000000   0.0000000000   0.0000000000
 1  2   0.0000000000   0.0000000000   0.0000000000   0.0000000000
 2  1   0.0000000000   0.5888111854  -0.0000000001   0.0000000000  -0.2944055927
 2  2   0.2597183311   0.0000000000  -0.2944055928  -0.2597183310
 3  1   0.0000000000  -0.0000000001   0.5106089612   0.0000000000   0.1569569480
 3  2  -0.2553044806   0.0000000000  -0.1569569479  -0.2553044806
 4  1   0.0000000000   0.0000000000   0.0000000000   0.0000000000   0.0000000000
 4  2   0.0000000000   0.0000000000   0.0000000000   0.0000000000
 5  1   0.0000000000  -0.2944055927   0.1569569480   0.0000000000   0.3294799349
 5  2  -0.2083376395   0.0000000000  -0.0350743423   0.0513806915
 6  1   0.0000000000   0.2597183311  -0.2553044806   0.0000000000  -0.2083376395
 6  2   0.2422112249   0.0000000000  -0.0513806916   0.0130932557
 7  1   0.0000000000   0.0000000000   0.0000000000   0.0000000000   0.0000000000
 7  2   0.0000000000   0.0000000000   0.0000000000   0.0000000000
 8  1   0.0000000000  -0.2944055928  -0.1569569479   0.0000000000  -0.0350743423
 8  2  -0.0513806916   0.0000000000   0.3294799350   0.2083376395
 9  1   0.0000000000  -0.2597183310  -0.2553044806   0.0000000000   0.0513806915
 9  2   0.0130932557   0.0000000000   0.2083376395   0.2422112248
$end
