$vibrational normal modes
 1  1   0.0000000000   0.0000000000   1.0000000000   0.0000000000   0.0000000000
 1  2   0.0000000000   0.0000000000   0.0000000000   0.0000000000
 2  1   0.0539766747   0.0000000000   0.0000000000   0.5604779120  -0.0162491188
 2  2   0.0423354616   0.0000000000  -0.0000000000  -0.0666648067
 3  1   0.1034743084   0.0000000000   0.0000000000  -0.0643929404   0.2875296466
 3  2   0.1053253416   0.0679423257   0.0533460381   0.0000000000
 4  1   0.0000000000   1.0000000000   0.0000000000   0.0000000000   0.0000000000
 4  2   0.0000000000   0.0000000000   0.0000000000   0.0000000000
 5  1  -0.4283829925   0.0000000000   0.0000000000   0.5036718341   0.2374033994
 5  2   0.1352512303  -0.4548989204   0.5650913092   0.5290816728
 6  1  -0.4433079812   0.0000000000   0.0000000000  -0.1287858809   0.5750592932
 6  2   0.2106506833  -0.5392206342  -0.4233779781  -0.4667445610
 7  1   0.0000000000   0.0000000000   0.0000000000   0.3971921743   0.6882214249
 7  2  -0.9519216250   0.0000000000  -0.0000000000  -0.0000000000
 8  1  -0.4283829925   0.0000000000   0.0000000000   0.5036718341   0.2374033994
 8  2   0.1352512303   0.4548989201  -0.5650913092   0.5290816731
 9  1   0.6502565981   0.0000000000   0.0000000000   0.0000000000   0.0000000000
 9  2   0.0000000000  -0.5392206345  -0.4233779781   0.4667445608
$end
